1.333220000000E+01 2.000000000000E-02 1.200000000000E-02 2.310128748901E+21 1.528887704457E+20 3.853952515138E+18 1.309717957659E+17 1.293635265038E+15 4.469903617223E+20 1.007794242032E+17 1.747273817729E+14 2.633272049688E+14 6.294652622125E+16 2.518250652347E+14 3.315963451824E+02 3.239188275735E+02 1.382203542791E+02 2.288418337957E+05 5.310841507143E+00 1.205697185962E+15
4.026868571429E+01 2.000000000000E-02 1.200000000000E-02 7.048362058771E+21 5.878296934675E+20 1.319470302284E+19 3.684895222284E+17 2.059048992100E+15 9.072873736020E+20 6.921355013383E+16 6.004728353831E+13 4.929789691638E+14 2.227765394184E+17 2.159971980790E+15 3.409155163032E+02 3.247863420171E+02 8.960544939566E+01 1.695888780038E+05 4.327116038558E+00 1.626920560816E+15
6.720517142857E+01 2.000000000000E-02 1.200000000000E-02 1.166148551223E+22 1.030911971558E+21 2.439235676731E+19 4.776188194353E+17 2.435912265330E+15 1.261656184611E+21 5.698922913515E+16 2.457964589447E+13 6.196552710380E+14 3.147683664922E+17 4.935794871016E+15 3.482535503062E+02 3.254951009219E+02 7.585527124761E+01 1.498802137958E+05 4.051663830755E+00 1.840841199962E+15
9.414165714286E+01 2.000000000000E-02 1.200000000000E-02 1.618506366524E+22 1.467371418837E+21 3.664265165857E+19 5.458422491853E+17 2.718206677676E+15 1.552236514683E+21 4.946382965846E+16 1.151097383646E+13 7.185643800462E+14 3.857731295240E+17 8.079927955023E+15 3.543937940470E+02 3.261051235882E+02 6.757140004617E+01 1.372875156084E+05 3.883463180595E+00 2.011853079957E+15
1.210781428571E+02 2.000000000000E-02 1.200000000000E-02 2.062890403495E+22 1.884250222418E+21 4.931202298188E+19 5.921109194053E+17 2.913989724100E+15 1.807556080736E+21 4.438894529784E+16 6.333862237131E+12 7.930545107295E+14 4.455860953650E+17 1.146061170446E+16 3.598668768440E+02 3.266623038156E+02 6.275650949191E+01 1.296418921000E+05 3.784191404923E+00 2.128133346544E+15
1.480146285714E+02 2.000000000000E-02 1.200000000000E-02 2.497010186537E+22 2.275348989883E+21 6.219544282110E+19 6.247677838428E+17 3.061216212969E+15 2.052503183568E+21 4.113638509734E+16 4.091053992417E+12 8.477024309532E+14 4.982581357702E+17 1.501955362019E+16 3.651527357194E+02 3.272131372824E+02 5.957764437180E+01 1.245108035167E+05 3.717015406443E+00 2.215908253742E+15
1.749511142857E+02 2.000000000000E-02 1.200000000000E-02 2.922949852287E+22 2.642542389496E+21 7.487447477412E+19 6.498219316288E+17 3.174909203261E+15 2.285012903966E+21 3.877522508303E+16 2.892503052507E+12 8.907890398165E+14 5.496847652979E+17 1.871209420021E+16 3.701782752172E+02 3.277480515427E+02 5.728011431181E+01 1.207360337622E+05 3.667740358102E+00 2.285210193582E+15
2.018876000000E+02 2.000000000000E-02 1.200000000000E-02 3.342706586373E+22 2.984982437607E+21 8.704149385705E+19 6.708349537212E+17 3.270749011422E+15 2.501683466461E+21 3.686073987725E+16 2.149585453978E+12 9.277725982365E+14 6.023799248195E+17 2.251059641193E+16 3.749385535423E+02 3.282645578078E+02 5.547203714187E+01 1.177325257418E+05 3.628226978753E+00 2.343477836823E+15
2.288240857143E+02 2.000000000000E-02 1.200000000000E-02 3.757440037248E+22 3.303212209877E+21 9.855216988780E+19 6.894213097329E+17 3.355425187281E+15 2.702618054872E+21 3.522262577132E+16 1.648536308188E+12 9.610662081076E+14 6.571135427687E+17 2.640104488265E+16 3.794489922584E+02 3.287626668883E+02 5.396975455654E+01 1.152149947647E+05 3.594809273434E+00 2.394656698840E+15
2.557605714286E+02 2.000000000000E-02 1.200000000000E-02 4.168002472975E+22 3.598086765863E+21 1.093387988040E+20 7.064270315524E+17 3.432584604159E+15 2.888491943038E+21 3.377342165133E+16 1.291726437636E+12 9.919621308552E+14 7.141072785636E+17 3.037650236381E+16 3.837283082263E+02 3.292430163617E+02 5.267563428104E+01 1.130302619023E+05 3.565544017490E+00 2.440874622705E+15
2.826970571429E+02 2.000000000000E-02 1.200000000000E-02 4.572537716386E+22 3.874427817835E+21 1.194441768380E+20 7.226439479760E+17 3.505096206764E+15 3.064131571506E+21 3.253236249559E+16 1.032044131734E+12 1.021677118114E+15 7.730821982069E+17 3.435330820926E+16 3.879217234260E+02 3.297211940954E+02 5.155453394645E+01 1.110761794943E+05 3.541560618753E+00 2.483784915639E+15
3.096335428571E+02 2.000000000000E-02 1.200000000000E-02 4.976213280147E+22 4.126697280135E+21 1.287658786960E+20 7.378409052073E+17 3.573371399869E+15 3.222635026732E+21 3.132704151443E+16 8.301168507032E+11 1.049990416142E+15 8.344539972309E+17 3.847130836775E+16 3.918011058659E+02 3.301697699374E+02 5.052060856974E+01 1.093085153941E+05 3.517558738323E+00 2.523902954027E+15
3.365700285714E+02 2.000000000000E-02 1.200000000000E-02 5.377335617226E+22 4.360004926629E+21 1.374003322336E+20 7.524910850461E+17 3.639199296351E+15 3.368256250494E+21 3.020248675425E+16 6.725797998784E+11 1.077709308954E+15 8.978560635501E+17 4.266027133982E+16 3.954923109175E+02 3.306022259319E+02 4.956785764993E+01 1.076708784205E+05 3.495176048880E+00 2.562223026750E+15
3.635065142857E+02 2.000000000000E-02 1.200000000000E-02 5.776231461217E+22 4.576062073968E+21 1.453975825457E+20 7.667227969283E+17 3.703424391326E+15 3.501763730331E+21 2.914448379602E+16 5.477319427514E+11 1.105103557873E+15 9.631056585310E+17 4.691524975980E+16 3.990075532399E+02 3.310191471677E+02 4.867811228428E+01 1.061338145207E+05 3.474050485276E+00 2.599281549131E+15
3.904430000000E+02 2.000000000000E-02 1.200000000000E-02 6.173145978782E+22 4.776607777942E+21 1.528158558979E+20 7.806238652632E+17 3.765439326189E+15 3.623919135838E+21 2.814342005980E+16 4.476368312325E+11 1.132376471627E+15 1.029990593578E+18 5.122979315009E+16 4.023586382130E+02 3.314211883370E+02 4.783594592650E+01 1.046720075296E+05 3.453867261437E+00 2.635591063449E+15
4.173794857143E+02 2.000000000000E-02 1.200000000000E-02 6.568121874431E+22 4.962583267431E+21 1.596900904732E+20 7.941215507672E+17 3.827540825321E+15 3.736171745103E+21 2.719997084327E+16 3.675620213649E+11 1.159331917122E+15 1.098394929170E+18 5.560495195159E+16 4.055648257959E+02 3.318100410138E+02 4.704770902506E+01 1.032975636832E+05 3.434791337579E+00 2.670634721952E+15
4.443159714286E+02 2.000000000000E-02 1.200000000000E-02 6.960816971315E+22 5.140667371193E+21 1.664810905876E+20 8.074765555372E+17 3.901284348964E+15 3.846857425405E+21 2.639203188904E+16 3.034162611315E+11 1.186108438891E+15 1.167958877676E+18 6.010571504407E+16 4.085924859325E+02 3.321811113852E+02 4.610343049805E+01 1.016515822070E+05 3.412065760655E+00 2.716982956395E+15
4.712524571429E+02 2.000000000000E-02 1.200000000000E-02 7.352113843401E+22 5.300038231274E+21 1.723696392249E+20 8.199687080048E+17 3.959242519176E+15 3.943251829265E+21 2.555952802186E+16 2.523288821789E+11 1.211863414020E+15 1.239327764881E+18 6.462267563451E+16 4.115495212829E+02 3.325469612669E+02 4.543062248428E+01 1.004661958170E+05 3.395426045191E+00 2.748412555288E+15
4.981889428571E+02 2.000000000000E-02 1.200000000000E-02 7.741041044126E+22 5.446481180203E+21 1.777847310693E+20 8.318258826402E+17 4.013566880584E+15 4.034357016561E+21 2.479371482377E+16 2.119874360019E+11 1.236579939933E+15 1.312180031595E+18 6.921084570050E+16 4.144246984435E+02 3.329060821446E+02 4.481771572011E+01 9.938269781359E+04 3.380101675953E+00 2.777487306591E+15
5.251254285714E+02 2.000000000000E-02 1.200000000000E-02 8.127204800148E+22 5.580239663847E+21 1.827374556064E+20 8.430131191507E+17 4.063845053873E+15 4.121831460092E+21 2.409844777552E+16 1.802628899391E+11 1.260048434013E+15 1.386607718380E+18 7.387364002817E+16 4.172425860709E+02 3.332613321418E+02 4.426736051134E+01 9.840699363066E+04 3.366178126716E+00 2.804042985450E+15
5.520619142857E+02 2.000000000000E-02 1.200000000000E-02 8.510319091284E+22 5.701753117836E+21 1.872414658114E+20 8.535490613201E+17 4.110181691612E+15 4.206794729106E+21 2.347243179969E+16 1.552584866895E+11 1.282209100539E+15 1.462698136970E+18 7.861202984789E+16 4.200201118435E+02 3.336146936464E+02 4.377765156123E+01 9.753674901136E+04 3.353634372389E+00 2.828133142264E+15
5.789984000000E+02 2.000000000000E-02 1.200000000000E-02 8.890261846804E+22 5.811705932791E+21 1.913161458266E+20 8.634916114631E+17 4.152973090320E+15 4.289804759152E+21 2.290996974023E+16 1.353771273135E+11 1.303135306818E+15 1.540504370188E+18 8.342538963802E+16 4.227658734606E+02 3.339671371702E+02 4.334292494043E+01 9.676270082214E+04 3.342358317680E+00 2.849974989022E+15
6.059348857143E+02 2.000000000000E-02 1.200000000000E-02 9.267097805719E+22 5.910927624175E+21 1.949845638955E+20 8.729072469444E+17 4.192618680634E+15 4.370944510178E+21 2.240239342613E+16 1.193531723429E+11 1.322968675677E+15 1.620049113527E+18 8.831284125708E+16 4.254806793694E+02 3.343186462815E+02 4.295569868282E+01 9.607208044709E+04 3.332190282550E+00 2.869793413107E+15
6.328713714286E+02 2.000000000000E-02 1.200000000000E-02 9.636964362366E+22 5.999687475471E+21 1.982478866876E+20 8.823702813343E+17 4.232871685375E+15 4.457083438514E+21 2.199873277328E+16 1.066908233117E+11 1.342008091620E+15 1.701419239485E+18 9.320481835488E+16 4.282972739000E+02 3.346867414971E+02 4.269356901447E+01 9.560418159113E+04 3.325028803087E+00 2.889007802541E+15
6.598078571429E+02 2.000000000000E-02 1.200000000000E-02 1.000744781537E+23 6.080273442402E+21 2.011883221577E+20 8.909934114847E+17 4.268093021731E+15 4.534796487258E+21 2.158039595451E+16 9.578646056176E+10 1.360191343611E+15 1.784271453232E+18 9.821830473821E+16 4.309587285661E+02 3.350373136587E+02 4.237628690488E+01 9.503713644373E+04 3.316527064634E+00 2.906035017757E+15
6.867443428571E+02 2.000000000000E-02 1.200000000000E-02 1.037521338605E+23 6.152739802342E+21 2.038027396056E+20 8.992681826922E+17 4.301314369702E+15 4.610337889773E+21 2.119476048993E+16 8.660026807533E+10 1.377730212036E+15 1.868749376624E+18 1.032980922160E+17 4.335835902481E+02 3.353858609377E+02 4.208738759340E+01 9.452016470814E+04 3.308708235119E+00 2.921720926252E+15
7.136808285714E+02 2.000000000000E-02 1.200000000000E-02 1.074034131050E+23 6.217883020729E+21 2.061186088666E+20 9.072437882267E+17 4.332851034657E+15 4.683706622472E+21 2.083748774505E+16 7.876712718780E+10 1.394742928376E+15 1.954776492137E+18 1.084393573717E+17 4.361720572103E+02 3.357322825956E+02 4.182222590135E+01 9.404511256004E+04 3.301467063819E+00 2.936310936104E+15
7.406173142857E+02 2.000000000000E-02 1.200000000000E-02 1.110295274696E+23 6.276383155281E+21 2.081595978446E+20 9.149509077700E+17 4.363000548869E+15 4.754859755338E+21 2.050449246013E+16 7.201559837739E+10 1.411313714428E+15 2.042291252202E+18 1.136413386985E+17 4.387230353584E+02 3.360763051455E+02 4.157719844448E+01 9.360563088232E+04 3.294721140297E+00 2.949931718727E+15
7.675538000000E+02 2.000000000000E-02 1.200000000000E-02 1.146309720190E+23 6.328901342880E+21 2.099495689555E+20 9.224248817301E+17 4.391928419599E+15 4.823852088973E+21 2.019306303925E+16 6.614156588379E+10 1.427523501506E+15 2.131206163126E+18 1.188979480792E+17 4.412376380563E+02 3.364179574910E+02 4.134925148482E+01 9.319633927463E+04 3.288400202445E+00 2.962770390417E+15
7.944902857143E+02 2.000000000000E-02 1.200000000000E-02 1.182084540686E+23 6.376010546423E+21 2.115094028618E+20 9.296901305704E+17 4.419785545490E+15 4.890719619484E+21 1.990070047441E+16 6.098881124422E+10 1.443431811107E+15 2.221444394160E+18 1.242063863412E+17 4.437163479968E+02 3.367571883433E+02 4.113599089159E+01 9.281300989698E+04 3.282448681251E+00 2.974943138277E+15
8.214267714286E+02 2.000000000000E-02 1.200000000000E-02 1.217668190364E+23 6.418008661291E+21 2.128470423332E+20 9.367339247038E+17 4.445226624135E+15 4.955027997529E+21 1.962099269813E+16 5.640028145521E+10 1.459074008343E+15 2.313110130473E+18 1.295789435991E+17 4.461481347491E+02 3.370923422656E+02 4.093980469194E+01 9.245986111603E+04 3.276927022094E+00 2.985958524221E+15
8.483632571429E+02 2.000000000000E-02 1.200000000000E-02 1.253653878419E+23 6.454166902388E+21 2.140498964931E+20 9.432071228219E+17 4.470626598322E+15 5.009797512727E+21 1.930136832557E+16 5.220266661524E+10 1.474660193463E+15 2.406863375898E+18 1.351999628887E+17 4.483689923335E+02 3.374002134083E+02 4.077102758361E+01 9.219099466443E+04 3.270222556644E+00 2.994905736555E+15
8.752997428571E+02 2.000000000000E-02 1.200000000000E-02 1.288789281120E+23 6.487846197908E+21 2.150316249023E+20 9.499052644610E+17 4.496150421888E+15 5.070318207601E+21 1.905398265389E+16 4.859507558230E+10 1.489875197634E+15 2.500777975306E+18 1.406643283558E+17 4.507358633782E+02 3.377307343267E+02 4.059188918600E+01 9.186843246186E+04 3.265126622362E+00 3.005364577430E+15
9.022362285714E+02 2.000000000000E-02 1.200000000000E-02 1.323712645214E+23 6.517833191624E+21 2.158488316563E+20 9.564487182971E+17 4.521074122015E+15 5.128918218398E+21 1.881889185797E+16 4.535450217940E+10 1.504919276936E+15 2.595754409465E+18 1.461716155614E+17 4.530691011633E+02 3.380587080862E+02 4.042167391649E+01 9.156162562218E+04 3.260264691406E+00 3.015387922106E+15
9.291727142857E+02 2.000000000000E-02 1.200000000000E-02 1.358449474438E+23 6.544504863051E+21 2.165172498524E+20 9.628343139255E+17 4.544703350280E+15 5.185388406789E+21 1.859310487550E+16 4.241688081325E+10 1.519824696927E+15 2.691740167703E+18 1.517236885479E+17 4.553639564241E+02 3.383833546516E+02 4.025863235033E+01 9.126740883655E+04 3.255593732105E+00 3.024932604469E+15
9.561092000000E+02 2.000000000000E-02 1.200000000000E-02 1.392955377098E+23 6.567952559414E+21 2.170393946666E+20 9.690907434855E+17 4.569406736024E+15 5.240497426908E+21 1.838050296485E+16 3.978109198280E+10 1.534551778354E+15 2.788683733420E+18 1.573111082543E+17 4.576350557468E+02 3.387066752837E+02 4.010474391749E+01 9.098949456802E+04 3.251163479567E+00 3.034155103428E+15
9.830456857143E+02 2.000000000000E-02 1.200000000000E-02 1.427290590193E+23 6.588783697209E+21 2.174410909621E+20 9.752122496242E+17 4.592187301337E+15 5.293485420274E+21 1.817474757621E+16 3.736217271465E+10 1.549204113083E+15 2.886466271835E+18 1.629367937640E+17 4.598677329310E+02 3.390264709350E+02 3.995559425154E+01 9.071981385561E+04 3.246864411559E+00 3.043031968957E+15
1.009982171429E+03 2.000000000000E-02 1.200000000000E-02 1.461415290340E+23 6.607031502390E+21 2.177225417275E+20 9.812210522876E+17 4.615359027606E+15 5.345040745012E+21 1.797927774137E+16 3.516578942382E+10 1.563736981275E+15 2.985046181979E+18 1.685933570660E+17 4.620749861610E+02 3.393445339429E+02 3.981318303987E+01 9.046209642007E+04 3.242746412016E+00 3.051669084504E+15
1.036918657143E+03 2.000000000000E-02 1.200000000000E-02 1.495349983340E+23 6.622956844209E+21 2.178953594741E+20 9.871129134366E+17 4.638150387153E+15 5.395009809015E+21 1.779197305341E+16 3.315696247646E+10 1.578170147361E+15 3.084373945750E+18 1.742820301242E+17 4.642532625855E+02 3.396602717639E+02 3.967634823335E+01 9.021423128838E+04 3.238780379927E+00 3.060025711588E+15
1.063855142857E+03 2.000000000000E-02 1.200000000000E-02 1.529098179282E+23 6.636761597117E+21 2.179681393700E+20 9.928932781408E+17 4.660590167275E+15 5.443456341562E+21 1.761228054274E+16 3.131468993788E+10 1.592511879419E+15 3.184390644690E+18 1.800008711615E+17 4.664034843476E+02 3.399737419960E+02 3.954466851016E+01 8.997547697495E+04 3.234955708207E+00 3.068122389692E+15
1.090791628571E+03 2.000000000000E-02 1.200000000000E-02 1.562663897106E+23 6.648628492677E+21 2.179487902654E+20 9.985668615286E+17 4.682701508041E+15 5.490439346157E+21 1.743968228887E+16 2.962084992450E+10 1.606769190002E+15 3.285040904551E+18 1.857481902930E+17 4.685264993963E+02 3.402849955813E+02 3.941777073337E+01 8.974517662393E+04 3.231262916428E+00 3.075975219089E+15
1.117728114286E+03 2.000000000000E-02 1.200000000000E-02 1.596050346837E+23 6.658724520225E+21 2.178446117928E+20 1.004138244324E+18 4.704506880532E+15 5.536017828331E+21 1.727373211243E+16 2.805985392521E+10 1.620948230111E+15 3.386268745369E+18 1.915226694504E+17 4.706231748567E+02 3.405940903449E+02 3.929532693706E+01 8.952275374595E+04 3.227693615230E+00 3.083600504429E+15
1.144664600000E+03 2.000000000000E-02 1.200000000000E-02 1.629260778209E+23 6.667201483973E+21 2.176623343536E+20 1.009611612539E+18 4.726025769443E+15 5.580248125753E+21 1.711402231052E+16 2.661814624284E+10 1.635054217510E+15 3.488019850372E+18 1.973211819030E+17 4.726943449290E+02 3.409010831863E+02 3.917704491140E+01 8.930769492412E+04 3.224240268836E+00 3.091012522878E+15
1.171601085714E+03 2.000000000000E-02 1.200000000000E-02 1.662298434283E+23 6.674197882052E+21 2.174081795611E+20 1.014990774064E+18 4.747275152200E+15 5.623182911180E+21 1.696017461289E+16 2.528386721121E+10 1.649091863382E+15 3.590242064131E+18 2.031438964599E+17 4.747407860935E+02 3.412060258988E+02 3.906266146966E+01 8.909953769159E+04 3.220896039721E+00 3.098223509158E+15
1.198537571429E+03 2.000000000000E-02 1.200000000000E-02 1.695166419010E+23 6.679839880451E+21 2.170878966378E+20 1.020279279468E+18 4.768270218963E+15 5.664872874104E+21 1.681184557158E+16 2.404662734914E+10 1.663065154382E+15 3.692884092020E+18 2.089878467544E+17 4.767632524701E+02 3.415089705377E+02 3.895194031250E+01 8.889786710000E+04 3.217654743537E+00 3.105244680094E+15
1.225474057143E+03 2.000000000000E-02 1.200000000000E-02 1.727867751523E+23 6.684242895303E+21 2.167068078220E+20 1.025480452476E+18 4.789024799189E+15 5.705366170164E+21 1.666871936048E+16 2.289727451295E+10 1.676977719358E+15 3.795896306324E+18 2.148519906690E+17 4.787624642790E+02 3.418099671089E+02 3.884466713349E+01 8.870230688549E+04 3.214510733702E+00 3.112086208145E+15
1.252410542857E+03 2.000000000000E-02 1.200000000000E-02 1.760405226375E+23 6.687512365243E+21 2.162698642753E+20 1.030597379636E+18 4.809551017642E+15 5.744708764126E+21 1.653050697984E+16 2.182773080989E+10 1.690832502616E+15 3.899229960479E+18 2.207348306963E+17 4.807391076294E+02 3.421090634426E+02 3.874064817259E+01 8.851251704180E+04 3.211458871650E+00 3.118757373849E+15
1.279347028571E+03 2.000000000000E-02 1.200000000000E-02 1.792784835595E+23 6.689737125924E+21 2.157816270489E+20 1.035630071382E+18 4.829840172376E+15 5.782918947123E+21 1.639678019644E+16 2.083047817436E+10 1.704630883097E+15 4.002851305114E+18 2.266386900687E+17 4.826932113536E+02 3.424062095265E+02 3.863969312052E+01 8.832815947626E+04 3.208494055231E+00 3.125248409091E+15
1.306283514286E+03 2.000000000000E-02 1.200000000000E-02 1.825003499802E+23 6.691020926139E+21 2.152462685253E+20 1.040587134634E+18 4.849943614293E+15 5.820089095111E+21 1.626760904692E+16 1.989981809474E+10 1.718378973296E+15 4.106690624408E+18 2.325563620276E+17 4.846266820653E+02 3.427016459517E+02 3.854166167061E+01 8.814899604671E+04 3.205612557740E+00 3.131603725761E+15
1.333220000000E+03 2.000000000000E-02 1.200000000000E-02 1.857066748938E+23 6.691437026650E+21 2.146677488405E+20 1.045468232773E+18 4.869850230859E+15 5.856233431110E+21 1.614260427260E+16 1.902971131888E+10 1.732077197007E+15 4.210715409914E+18 2.384891285793E+17 4.865394863742E+02 3.429953187726E+02 3.844639319211E+01 8.797474089629E+04 3.202810023044E+00 3.137812215567E+15
