1.333220000000E+01 3.000000000000E-02 1.200000000000E-02 2.090539069502E+21 1.574707409311E+20 5.552255991220E+18 1.552456988773E+17 1.743024454684E+15 6.310635521036E+20 1.642723860231E+17 3.601759384603E+14 2.666790340912E+14 4.465846644603E+16 2.485557986644E+14 3.349597171513E+02 3.242512124610E+02 1.337256358856E+02 2.252452210211E+05 5.326717076248E+00 1.837460116309E+15
4.026868571429E+01 3.000000000000E-02 1.200000000000E-02 6.459269632165E+21 6.123197349625E+20 1.911110084132E+19 4.006671823327E+17 2.854990736965E+15 1.290612752695E+21 1.164416978501E+17 1.347824110980E+14 5.087533997850E+14 1.687097525758E+17 2.051806511520E+15 3.480506164627E+02 3.255083644830E+02 8.684927914329E+01 1.668332841399E+05 4.318169611125E+00 2.481119780291E+15
6.720517142857E+01 3.000000000000E-02 1.200000000000E-02 1.071285648701E+22 1.079024542116E+21 3.444663863001E+19 5.142536653926E+17 3.408911107190E+15 1.775460502078E+21 9.578428188535E+16 5.401295843006E+13 6.511127862792E+14 2.509853776109E+17 4.542890910614E+15 3.578989018117E+02 3.264992644517E+02 7.339151755449E+01 1.471191780889E+05 4.032729616913E+00 2.812500244400E+15
9.414165714286E+01 3.000000000000E-02 1.200000000000E-02 1.485043214915E+22 1.537274933953E+21 5.071555630455E+19 5.850879736076E+17 3.784938130448E+15 2.180664260240E+21 8.401331123885E+16 2.593811705115E+13 7.562157641754E+14 3.148386040608E+17 7.259479420186E+15 3.662385096812E+02 3.273698075741E+02 6.592675115088E+01 1.354888723411E+05 3.874236366704E+00 3.054125419480E+15
1.210781428571E+02 3.000000000000E-02 1.200000000000E-02 1.886421157497E+22 1.974682127576E+21 6.719278963098E+19 6.319770569640E+17 4.038563900318E+15 2.552414230319E+21 7.687799657488E+16 1.518377072833E+13 8.306302308251E+14 3.682399883415E+17 1.007305413805E+16 3.738513097288E+02 3.281908294066E+02 6.148632947383E+01 1.283749287101E+05 3.777695610516E+00 3.223124959188E+15
1.480146285714E+02 3.000000000000E-02 1.200000000000E-02 2.277274464013E+22 2.388075386807E+21 8.322237356342E+19 6.670713964362E+17 4.229121902649E+15 2.896848155748E+21 7.196550374738E+16 1.005544795211E+13 8.884092358642E+14 4.181238423320E+17 1.291747401329E+16 3.809746900497E+02 3.289814672050E+02 5.851802352425E+01 1.234831841497E+05 3.712682087827E+00 3.350781761149E+15
1.749511142857E+02 3.000000000000E-02 1.200000000000E-02 2.661119273441E+22 2.774376169845E+21 9.828393317506E+19 6.962828657831E+17 4.383972057117E+15 3.208978036825E+21 6.801623901053E+16 7.101472986219E+12 9.374370466949E+14 4.677879993088E+17 1.578203431411E+16 3.876061930526E+02 3.297362350296E+02 5.630049443756E+01 1.198031097615E+05 3.662537189453E+00 3.453653446277E+15
2.018876000000E+02 3.000000000000E-02 1.200000000000E-02 3.038538350873E+22 3.137293051134E+21 1.123508359399E+20 7.218668455730E+17 4.519947202645E+15 3.496927324178E+21 6.480157012876E+16 5.233234260824E+12 9.807771615918E+14 5.181155388728E+17 1.865514901345E+16 3.938095994966E+02 3.304586102174E+02 5.449738830871E+01 1.167582231328E+05 3.621474441533E+00 3.544414085167E+15
2.288240857143E+02 3.000000000000E-02 1.200000000000E-02 3.411629325021E+22 3.475158568392E+21 1.252559234626E+20 7.453131777386E+17 4.641300434872E+15 3.758556184559E+21 6.196932929912E+16 3.960597241906E+12 1.020587553862E+15 5.696725090405E+17 2.154773867016E+16 3.996091722856E+02 3.311478931362E+02 5.296623972785E+01 1.141482854724E+05 3.585994650799E+00 3.624689433018E+15
2.557605714286E+02 3.000000000000E-02 1.200000000000E-02 3.780724199993E+22 3.788900181100E+21 1.370388590667E+20 7.674225256911E+17 4.753723220622E+15 3.997927900006E+21 5.946113622641E+16 3.057938002110E+12 1.058052401702E+15 6.224756683532E+17 2.445735485273E+16 4.050824694377E+02 3.318107360801E+02 5.164907575871E+01 1.118851783412E+05 3.554973555019E+00 3.698738752716E+15
2.826970571429E+02 3.000000000000E-02 1.200000000000E-02 4.144208254526E+22 4.083413652155E+21 1.477659411604E+20 7.887072397307E+17 4.859034573496E+15 4.220328048904E+21 5.728753558898E+16 2.404448261903E+12 1.094254738553E+15 6.762548814563E+17 2.731879449981E+16 4.103902758598E+02 3.324651741843E+02 5.049076995045E+01 1.098305666553E+05 3.529143788401E+00 3.767195878364E+15
3.096335428571E+02 3.000000000000E-02 1.200000000000E-02 4.507508790838E+22 4.353020169498E+21 1.574316911349E+20 8.091576536550E+17 4.958512967757E+15 4.418743110977E+21 5.517206845246E+16 1.903659724249E+12 1.128873856875E+15 7.315169500849E+17 3.027013935505E+16 4.152783489128E+02 3.330773099165E+02 4.943132243605E+01 1.079854237790E+05 3.503533388303E+00 3.831552731740E+15
3.365700285714E+02 3.000000000000E-02 1.200000000000E-02 4.868151774813E+22 4.602398500379E+21 1.661583546172E+20 8.289114313938E+17 5.056998802524E+15 4.601001857809E+21 5.323823464857E+16 1.524758129341E+12 1.162270497932E+15 7.878668200321E+17 3.324766924640E+16 4.199367582452E+02 3.336694310303E+02 4.847528190609E+01 1.063112369108E+05 3.480126288980E+00 3.892363722003E+15
3.635065142857E+02 3.000000000000E-02 1.200000000000E-02 5.226957834889E+22 4.833327841132E+21 1.740172471296E+20 8.481095370761E+17 5.143153861696E+15 4.766882549465E+21 5.142470308008E+16 1.230636594681E+12 1.194834729964E+15 8.453060068923E+17 3.625830186144E+16 4.243574498108E+02 3.342390972655E+02 4.759612155436E+01 1.047635618668E+05 3.458354273094E+00 3.949557851647E+15
3.904430000000E+02 3.000000000000E-02 1.200000000000E-02 5.582927510501E+22 5.046058509044E+21 1.810543893594E+20 8.664983380791E+17 5.227694366251E+15 4.921896874500E+21 4.978548823907E+16 1.006861048370E+12 1.225892104839E+15 9.037171546335E+17 3.929749409341E+16 4.286216437285E+02 3.347959390494E+02 4.680974295377E+01 1.033730674268E+05 3.438633908233E+00 4.002816607794E+15
4.173794857143E+02 3.000000000000E-02 1.200000000000E-02 5.936105994796E+22 5.241521474915E+21 1.873109436793E+20 8.840604885411E+17 5.306346277420E+15 5.067586326805E+21 4.830074329568E+16 8.349846712926E+11 1.255396802641E+15 9.631335905653E+17 4.236902134126E+16 4.327480800110E+02 3.353416538336E+02 4.610797340609E+01 1.021271931851E+05 3.420811772521E+00 4.051791282673E+15
4.443159714286E+02 3.000000000000E-02 1.200000000000E-02 6.288673477791E+22 5.422850224652E+21 1.930503527605E+20 9.004104577595E+17 5.384242613798E+15 5.210429356926E+21 4.699588293067E+16 7.008451435805E+11 1.282447462871E+15 1.024788797306E+18 4.560395662100E+16 4.365801044589E+02 3.358543918851E+02 4.542121032787E+01 1.009126674563E+05 3.403148582720E+00 4.101209181316E+15
4.712524571429E+02 3.000000000000E-02 1.200000000000E-02 6.636009522033E+22 5.586109823607E+21 1.978686457852E+20 9.162637911346E+17 5.451368192602E+15 5.343128566018E+21 4.579599730201E+16 5.979701211175E+11 1.308591782345E+15 1.086509812972E+18 4.875955068907E+16 4.404937049187E+02 3.363842093874E+02 4.487399461607E+01 9.993350696691E+04 3.388884605497E+00 4.141503792585E+15
4.981889428571E+02 3.000000000000E-02 1.200000000000E-02 6.980314893118E+22 5.734744399491E+21 2.020272056031E+20 9.313605798444E+17 5.512647339948E+15 5.470435303954E+21 4.471377221173E+16 5.167282831631E+11 1.333260619654E+15 1.149334439264E+18 5.195174799802E+16 4.443224478995E+02 3.369084313448E+02 4.438993018680E+01 9.906498509780E+04 3.376098970428E+00 4.177898678374E+15
5.251254285714E+02 3.000000000000E-02 1.200000000000E-02 7.321522187438E+22 5.869732867223E+21 2.055708971857E+20 9.457629330872E+17 5.570618589779E+15 5.593175269608E+21 4.373853055483E+16 4.518820164077E+11 1.356571714147E+15 1.213254875929E+18 5.517971190494E+16 4.480783642409E+02 3.374283400451E+02 4.396143621409E+01 9.829438159790E+04 3.364630283722E+00 4.210860447950E+15
5.520619142857E+02 3.000000000000E-02 1.200000000000E-02 7.658049325354E+22 5.992910344456E+21 2.085931442084E+20 9.598154304259E+17 5.625830379839E+15 5.714609488540E+21 4.290341926035E+16 3.996541011193E+11 1.379072200616E+15 1.277828585148E+18 5.840305024442E+16 4.518310539364E+02 3.379535343506E+02 4.357651349389E+01 9.760173294682E+04 3.354217723774E+00 4.244712969521E+15
5.789984000000E+02 3.000000000000E-02 1.200000000000E-02 7.993557314169E+22 6.104329212231E+21 2.110702541908E+20 9.731311474850E+17 5.675469137500E+15 5.828149484007E+21 4.208767192070E+16 3.559200987986E+11 1.400391673887E+15 1.343779279412E+18 6.169853045438E+16 4.554396051822E+02 3.384635839445E+02 4.322912595028E+01 9.697446176741E+04 3.344702891773E+00 4.272416376681E+15
6.059348857143E+02 3.000000000000E-02 1.200000000000E-02 8.326737380606E+22 6.205515925155E+21 2.130878083237E+20 9.859737187126E+17 5.720863329437E+15 5.936725763319E+21 4.132678405896E+16 3.191386274821E+11 1.420936232554E+15 1.410734348370E+18 6.503395428984E+16 4.589646688316E+02 3.389667037253E+02 4.291291452331E+01 9.640230083206E+04 3.335952101938E+00 4.297530409436E+15
6.328713714286E+02 3.000000000000E-02 1.200000000000E-02 8.658494358620E+22 6.297564881727E+21 2.147007902391E+20 9.983539311650E+17 5.759126642635E+15 6.038960944621E+21 4.059231300113E+16 2.874552577216E+11 1.440858947529E+15 1.478738557301E+18 6.842248515080E+16 4.623782097000E+02 3.394583944906E+02 4.261953492532E+01 9.587010488147E+04 3.327766945471E+00 4.319499552446E+15
6.598078571429E+02 3.000000000000E-02 1.200000000000E-02 8.986741909322E+22 6.381021448513E+21 2.159354442866E+20 1.010417096148E+18 5.800213115343E+15 6.139342509868E+21 3.993612397465E+16 2.608608382775E+11 1.460181499182E+15 1.547407077025E+18 7.182440458411E+16 4.657664207101E+02 3.399509956630E+02 4.235269144450E+01 9.538571888671E+04 3.320249077507E+00 4.341234912513E+15
6.867443428571E+02 3.000000000000E-02 1.200000000000E-02 9.311088793847E+22 6.457040908152E+21 2.168381519261E+20 1.022291903483E+18 5.842912198510E+15 6.238493984197E+21 3.935782762459E+16 2.382816197136E+11 1.479138104819E+15 1.616466821730E+18 7.522224463066E+16 4.691453571259E+02 3.404467790486E+02 4.210505042399E+01 9.493622044057E+04 3.313224803599E+00 4.364043685609E+15
7.136808285714E+02 3.000000000000E-02 1.200000000000E-02 9.634654012906E+22 6.525963235413E+21 2.174377684902E+20 1.033726505936E+18 5.880624202733E+15 6.331337140802E+21 3.878089657654E+16 2.182308629752E+11 1.497588539718E+15 1.686514617446E+18 7.868214084536E+16 4.724061158234E+02 3.409292419874E+02 4.187398534879E+01 9.451555570499E+04 3.306622369225E+00 4.383288053342E+15
7.406173142857E+02 3.000000000000E-02 1.200000000000E-02 9.955998597456E+22 6.588620171225E+21 2.177698944609E+20 1.044881674653E+18 5.916973253378E+15 6.420671467465E+21 3.823762074446E+16 2.006410950997E+11 1.515688408510E+15 1.757145748509E+18 8.216958848350E+16 4.756063928871E+02 3.414067035523E+02 4.165736312304E+01 9.412065438784E+04 3.300396355189E+00 4.401522080388E+15
7.675538000000E+02 3.000000000000E-02 1.200000000000E-02 1.027518208716E+23 6.645592525003E+21 2.178627417535E+20 1.055776429124E+18 5.952117381494E+15 6.506666465931E+21 3.772458380281E+16 1.851125124297E+11 1.533480844273E+15 1.828284847387E+18 8.568317065181E+16 4.787484496323E+02 3.418792704750E+02 4.145343465364E+01 9.374841156148E+04 3.294504901620E+00 4.418860297306E+15
7.944902857143E+02 3.000000000000E-02 1.200000000000E-02 1.059228769159E+23 6.697400322358E+21 2.177419926156E+20 1.066424037235E+18 5.986145597566E+15 6.589443295304E+21 3.723833926804E+16 1.713222893127E+11 1.550998827579E+15 1.899864920938E+18 8.922217848843E+16 4.818335528480E+02 3.423469126525E+02 4.126072343502E+01 9.339619374288E+04 3.288912262417E+00 4.435359867794E+15
8.214267714286E+02 3.000000000000E-02 1.200000000000E-02 1.090731095241E+23 6.744521728207E+21 2.174303312044E+20 1.076843853482E+18 6.019247614636E+15 6.669247599206E+21 3.677746110044E+16 1.590216604606E+11 1.568275613274E+15 1.971800580944E+18 9.278394633655E+16 4.848657477958E+02 3.428100436772E+02 4.107808002716E+01 9.306197895952E+04 3.283590583122E+00 4.451174533341E+15
8.483632571429E+02 3.000000000000E-02 1.200000000000E-02 1.122032479587E+23 6.787379023567E+21 2.169486723676E+20 1.087045383875E+18 6.051476335416E+15 6.746191589524E+21 3.633928041846E+16 1.479966879156E+11 1.585333145238E+15 2.044027763877E+18 9.636775427927E+16 4.878462592368E+02 3.432686586040E+02 4.090446084633E+01 9.274390188428E+04 3.278514107113E+00 4.466336329229E+15
8.752997428571E+02 3.000000000000E-02 1.200000000000E-02 1.153148178351E+23 6.826336371398E+21 2.163165378749E+20 1.097028407543E+18 6.082755788086E+15 6.820266502450E+21 3.592007837341E+16 1.380628444004E+11 1.602182364725E+15 2.116510667449E+18 9.997515634015E+16 4.907736068772E+02 3.437223360709E+02 4.073905815437E+01 9.244049316686E+04 3.273662568536E+00 4.480754297831E+15
9.022362285714E+02 3.000000000000E-02 1.200000000000E-02 1.184254943707E+23 6.861492840308E+21 2.155679188997E+20 1.106633794067E+18 6.110782812565E+15 6.889209406687E+21 3.549052503075E+16 1.289099363008E+11 1.618709097103E+15 2.189687923029E+18 1.036495728975E+17 4.935955104925E+02 3.441625891702E+02 4.058091144397E+01 9.214952943863E+04 3.269008991096E+00 4.492325023476E+15
9.291727142857E+02 3.000000000000E-02 1.200000000000E-02 1.214983799155E+23 6.893707999107E+21 2.146840418139E+20 1.116236440322E+18 6.140815316633E+15 6.958411580626E+21 3.511047898115E+16 1.207987101462E+11 1.635215417607E+15 2.262424691472E+18 1.072938786552E+17 4.964323075610E+02 3.446082984102E+02 4.042966839753E+01 9.187152518141E+04 3.264550894751E+00 4.505846350767E+15
9.561092000000E+02 3.000000000000E-02 1.200000000000E-02 1.246118938963E+23 6.922436920908E+21 2.138788499066E+20 1.125556668540E+18 6.169572111569E+15 7.017393964177E+21 3.466617965636E+16 1.131750744227E+11 1.652002760768E+15 2.336498982693E+18 1.111098484277E+17 4.990422024581E+02 3.450206283189E+02 4.030841288731E+01 9.168176125178E+04 3.259044074217E+00 4.517726292282E+15
9.830456857143E+02 3.000000000000E-02 1.200000000000E-02 1.276503674807E+23 6.949092112380E+21 2.128051866120E+20 1.134788057245E+18 6.198378476488E+15 7.081921679664E+21 3.431746572473E+16 1.064596762906E+11 1.668206330745E+15 2.409348518870E+18 1.147935216143E+17 5.017883403788E+02 3.454576093220E+02 4.016914816340E+01 9.142562749128E+04 3.254906334074E+00 4.530322976004E+15
1.009982171429E+03 3.000000000000E-02 1.200000000000E-02 1.306710475977E+23 6.973298009649E+21 2.116488843625E+20 1.143853432909E+18 6.226653997174E+15 7.144361354538E+21 3.398300962780E+16 1.003188496649E+11 1.684279310949E+15 2.482126013226E+18 1.184921877775E+17 5.044939576763E+02 3.458908859139E+02 4.003518480081E+01 9.117899790915E+04 3.250919793400E+00 4.542528150038E+15
1.036918657143E+03 3.000000000000E-02 1.200000000000E-02 1.336744431264E+23 6.995287715250E+21 2.104223794731E+20 1.152759694861E+18 6.254463852937E+15 7.204783719734E+21 3.366157449007E+16 9.468447089038E+10 1.700229739204E+15 2.554773521626E+18 1.222044995544E+17 5.071600123965E+02 3.463204731501E+02 3.990599986061E+01 9.094093270272E+04 3.247070849479E+00 4.554374710110E+15
1.063855142857E+03 3.000000000000E-02 1.200000000000E-02 1.366608118060E+23 7.015237640855E+21 2.091334566698E+20 1.161511721427E+18 6.281803954703E+15 7.263299154152E+21 3.335243041370E+16 8.950504226406E+10 1.716064103521E+15 2.627246399337E+18 1.259296255098E+17 5.097881548893E+02 3.467465212341E+02 3.978135304278E+01 9.071101037521E+04 3.243352915491E+00 4.565876525240E+15
1.090791628571E+03 3.000000000000E-02 1.200000000000E-02 1.396303931381E+23 7.033315332748E+21 2.077919016538E+20 1.170113518481E+18 6.308683738069E+15 7.320020119582E+21 3.305495682437E+16 8.473534554162E+10 1.731777323681E+15 2.699492919292E+18 1.296667912973E+17 5.123800652345E+02 3.471691817323E+02 3.966101527015E+01 9.048882949201E+04 3.239759719567E+00 4.577053452808E+15
1.117728114286E+03 3.000000000000E-02 1.200000000000E-02 1.425834536819E+23 7.049670902365E+21 2.064014719106E+20 1.178572084092E+18 6.335185775170E+15 7.375030073466E+21 3.276847368372E+16 8.033394103594E+10 1.747389991148E+15 2.771478827107E+18 1.334146934090E+17 5.149371488226E+02 3.475885893080E+02 3.954472052019E+01 9.027391816958E+04 3.236284006169E+00 4.587925447237E+15
1.144664600000E+03 3.000000000000E-02 1.200000000000E-02 1.455203332835E+23 7.064455240246E+21 2.049718762720E+20 1.186890930384E+18 6.361279631187E+15 7.428406289068E+21 3.249226735512E+16 7.626372982850E+10 1.762895880014E+15 2.843155202902E+18 1.371727705269E+17 5.174604815381E+02 3.480048087382E+02 3.943220673530E+01 9.006580900666E+04 3.232918681835E+00 4.598509364827E+15
1.171601085714E+03 3.000000000000E-02 1.200000000000E-02 1.484419238821E+23 7.077789211122E+21 2.035093903995E+20 1.195069283137E+18 6.386933898494E+15 7.480152053175E+21 3.222503377389E+16 7.249005725921E+10 1.778298646235E+15 2.914508501365E+18 1.409418587703E+17 5.199495673526E+02 3.484176577890E+02 3.932321960471E+01 8.986403674569E+04 3.229656738664E+00 4.608761875301E+15
1.198537571429E+03 3.000000000000E-02 1.200000000000E-02 1.513474219814E+23 7.089806180393E+21 2.020177745356E+20 1.203121847775E+18 6.412290013102E+15 7.530466886006E+21 3.196751188433E+16 6.898958306817E+10 1.793609654038E+15 2.985462533320E+18 1.447180836247E+17 5.224085468562E+02 3.488277361332E+02 3.921761304845E+01 8.966836603760E+04 3.226494115124E+00 4.618805142707E+15
1.225474057143E+03 3.000000000000E-02 1.200000000000E-02 1.542376112933E+23 7.100607854578E+21 2.005023416576E+20 1.211048211963E+18 6.437310542542E+15 7.579355378791E+21 3.171858031370E+16 6.573481472443E+10 1.808830689751E+15 3.056004294230E+18 1.485020990389E+17 5.248370466888E+02 3.492348953146E+02 3.911516973518E+01 8.947839870946E+04 3.223424764778E+00 4.628602804441E+15
1.252410542857E+03 3.000000000000E-02 1.200000000000E-02 1.571127534144E+23 7.110294743863E+21 1.989685645094E+20 1.218851850276E+18 6.462005917804E+15 7.626881055297E+21 3.147776676112E+16 6.270358961276E+10 1.823962084343E+15 3.126099118968E+18 1.522932561524E+17 5.272360363824E+02 3.496392076260E+02 3.901572000979E+01 8.929383306587E+04 3.220443930848E+00 4.638167053048E+15
1.279347028571E+03 3.000000000000E-02 1.200000000000E-02 1.599731330573E+23 7.118955596353E+21 1.974194818219E+20 1.226536959532E+18 6.486396462022E+15 7.673101508675E+21 3.124463210565E+16 5.987608956169E+10 1.839010131951E+15 3.195722661044E+18 1.560908621038E+17 5.296064849086E+02 3.500407618366E+02 3.891910597680E+01 8.911438808279E+04 3.217547142766E+00 4.647509264479E+15
1.306283514286E+03 3.000000000000E-02 1.200000000000E-02 1.628190025891E+23 7.126676181693E+21 1.958606135186E+20 1.234106335166E+18 6.510489037773E+15 7.718074017961E+21 3.101876705578E+16 5.723470035350E+10 1.853972007545E+15 3.264841888998E+18 1.598943915671E+17 5.319492480595E+02 3.504396137415E+02 3.882518239953E+01 8.893980524486E+04 3.214730293110E+00 4.656639920233E+15
1.333220000000E+03 3.000000000000E-02 1.200000000000E-02 1.656506180997E+23 7.133528941143E+21 1.942929554044E+20 1.241564295892E+18 6.534302796343E+15 7.761846226242E+21 3.079978739460E+16 5.476348224994E+10 1.868857052518E+15 3.333442145557E+18 1.637031176951E+17 5.342651814457E+02 3.508358509672E+02 3.873380972769E+01 8.876983564029E+04 3.211989393425E+00 4.665569021408E+15
