1.333220000000E+01 4.000000000000E-02 1.200000000000E-02 1.904229155396E+21 1.551255892952E+20 7.085594063691E+18 1.701759370340E+17 2.144990926885E+15 7.931331541372E+20 2.355177940353E+17 6.059420123002E+14 2.671656756706E+14 3.383856849529E+16 2.304085740386E+14 3.378955420672E+02 3.245553093098E+02 1.299786696922E+02 2.222664164139E+05 5.344797781265E+00 2.484359087929E+15
4.026868571429E+01 4.000000000000E-02 1.200000000000E-02 5.963075339795E+21 6.139694611513E+20 2.448815989413E+19 4.163204534725E+17 3.623518657548E+15 1.631920748930E+21 1.711403899863E+17 2.414515609463E+14 5.170998796243E+14 1.363547032251E+17 1.870587787349E+15 3.543025589937E+02 3.261741311038E+02 8.478675714997E+01 1.649391971292E+05 4.316631915987E+00 3.348248482573E+15
6.720517142857E+01 4.000000000000E-02 1.200000000000E-02 9.913937415606E+21 1.088898570738E+21 4.343734797722E+19 5.305107647188E+17 4.368814433721E+15 2.239077554176E+21 1.417536003590E+17 9.791934288644E+13 6.675701534174E+14 2.100706728723E+17 4.066669057123E+15 3.664248082139E+02 3.274374105006E+02 7.148982639531E+01 1.451376131884E+05 4.019973561266E+00 3.799184846829E+15
9.414165714286E+01 4.000000000000E-02 1.200000000000E-02 1.372495487512E+22 1.554390591109E+21 6.299539216590E+19 6.002079493667E+17 4.829600815438E+15 2.756744158199E+21 1.259274629219E+17 4.891989817844E+13 7.733407530251E+14 2.678021544966E+17 6.391034366880E+15 3.767620155798E+02 3.285632760861E+02 6.472388407664E+01 1.344570686493E+05 3.868768871169E+00 4.107736516328E+15
1.210781428571E+02 4.000000000000E-02 1.200000000000E-02 1.740265940066E+22 1.999500207596E+21 8.214436491013E+19 6.477284819023E+17 5.145570690189E+15 3.226339319544E+21 1.162234108364E+17 2.941233976531E+13 8.502490140081E+14 3.178526683053E+17 8.718837201912E+15 3.861631856786E+02 3.296266983719E+02 6.059650297643E+01 1.277027569881E+05 3.776024020544E+00 4.325071044751E+15
1.480146285714E+02 4.000000000000E-02 1.200000000000E-02 2.098323690129E+22 2.421273593279E+21 1.001636740073E+20 6.847954104475E+17 5.386657674551E+15 3.651914404545E+21 1.092063493870E+17 1.955883334557E+13 9.121831495946E+14 3.655217498832E+17 1.102186351987E+16 3.947841553810E+02 3.306338400538E+02 5.771269469576E+01 1.228830793772E+05 3.710229506378E+00 4.494871146850E+15
1.749511142857E+02 4.000000000000E-02 1.200000000000E-02 2.450829413299E+22 2.815583986814E+21 1.165343326929E+20 7.167243656252E+17 5.582198579160E+15 4.028987255336E+21 1.032676817848E+17 1.372870382360E+13 9.659205607148E+14 4.130941111090E+17 1.331563330208E+16 4.026758583492E+02 3.315814593159E+02 5.550891332017E+01 1.191691311229E+05 3.658323042112E+00 4.630033697765E+15
2.018876000000E+02 4.000000000000E-02 1.200000000000E-02 2.796952046608E+22 3.185869142689E+21 1.314398518006E+20 7.453772597822E+17 5.757075786731E+15 4.374982311197E+21 9.848032885088E+16 1.004453500367E+13 1.014106593894E+15 4.608388796528E+17 1.558465289083E+16 4.100448946109E+02 3.324889365063E+02 5.370902678936E+01 1.160837416130E+05 3.615676658615E+00 4.753044015755E+15
2.288240857143E+02 4.000000000000E-02 1.200000000000E-02 3.139047922438E+22 3.530316754108E+21 1.447481082142E+20 7.721348450884E+17 5.914146551810E+15 4.687642936254E+21 9.427822040693E+16 7.546216045694E+12 1.058669871887E+15 5.092814181395E+17 1.784988125554E+16 4.169205154650E+02 3.333547744997E+02 5.219175458276E+01 1.134570854053E+05 3.579106186565E+00 4.863054152933E+15
2.557605714286E+02 4.000000000000E-02 1.200000000000E-02 3.477942249797E+22 3.849730773515E+21 1.565350316935E+20 7.976128541973E+17 6.058043737981E+15 4.970526064900E+21 9.051251036970E+16 5.782970631673E+12 1.100608291996E+15 5.585183297646E+17 2.011989198293E+16 4.233660016947E+02 3.341830536032E+02 5.087911092147E+01 1.111656242283E+05 3.546956878286E+00 4.963249411514E+15
2.826970571429E+02 4.000000000000E-02 1.200000000000E-02 3.814105469877E+22 4.145274679509E+21 1.669080617442E+20 8.221174937470E+17 6.191461394009E+15 5.227260460570E+21 8.710346118142E+16 4.504508387203E+12 1.140469846307E+15 6.085491447108E+17 2.240052810028E+16 4.294390296324E+02 3.349780934133E+02 4.972597560838E+01 1.091379561800E+05 3.518290526787E+00 5.055524491232E+15
3.096335428571E+02 4.000000000000E-02 1.200000000000E-02 4.144151859841E+22 4.421856529734E+21 1.759840891330E+20 8.458509301056E+17 6.316733344850E+15 5.468709241954E+21 8.423635503640E+16 3.580093314974E+12 1.178926614349E+15 6.588405977718E+17 2.461393586972E+16 4.354042517388E+02 3.357735357252E+02 4.872605585371E+01 1.073157539953E+05 3.495072617152E+00 5.141412673637E+15
3.365700285714E+02 4.000000000000E-02 1.200000000000E-02 4.473475958077E+22 4.673235123663E+21 1.838617315666E+20 8.687225234084E+17 6.435268053473E+15 5.688758959917E+21 8.154956074478E+16 2.880786390057E+12 1.215156674724E+15 7.100465839370E+17 2.689691398972E+16 4.409828519684E+02 3.365295059449E+02 4.783404372009E+01 1.057290596134E+05 3.472328055013E+00 5.223732717007E+15
3.635065142857E+02 4.000000000000E-02 1.200000000000E-02 4.801588249348E+22 4.904041786507E+21 1.905599648713E+20 8.905025199622E+17 6.540229831159E+15 5.888970542721E+21 7.900064147408E+16 2.349913915216E+12 1.249183627301E+15 7.621947409269E+17 2.922022453543E+16 4.462545308541E+02 3.372545974141E+02 4.703914414782E+01 1.043064988672E+05 3.451771084880E+00 5.293932996663E+15
3.904430000000E+02 4.000000000000E-02 1.200000000000E-02 5.127070160724E+22 5.115319980652E+21 1.962060515585E+20 9.112900168164E+17 6.635310643139E+15 6.076224158825E+21 7.669702291019E+16 1.947297483954E+12 1.281136912739E+15 8.150746546356E+17 3.156801121101E+16 4.513316730794E+02 3.379630875658E+02 4.634245804910E+01 1.030538387123E+05 3.433499129852E+00 5.356533459042E+15
4.173794857143E+02 4.000000000000E-02 1.200000000000E-02 5.449623230405E+22 5.308240369062E+21 2.008872693878E+20 9.311357744356E+17 6.721936737255E+15 6.253208340719E+21 7.463182029486E+16 1.638778615580E+12 1.311128072386E+15 8.686407733626E+17 3.393783022361E+16 4.562536418088E+02 3.386594928532E+02 4.573222703914E+01 1.019522897994E+05 3.417269477165E+00 5.412791666035E+15
4.443159714286E+02 4.000000000000E-02 1.200000000000E-02 5.769236739953E+22 5.484084607073E+21 2.046862235505E+20 9.501139738336E+17 6.801027277908E+15 6.421331692186E+21 7.277657315774E+16 1.398813974804E+12 1.339336751701E+15 9.228747606303E+17 3.633040843612E+16 4.610392964177E+02 3.393456288538E+02 4.519627909726E+01 1.009814512293E+05 3.402816783013E+00 5.463410884362E+15
4.712524571429E+02 4.000000000000E-02 1.200000000000E-02 6.085970410261E+22 5.644206225150E+21 2.076873288715E+20 9.683159299894E+17 6.873595457412E+15 6.581503541086E+21 7.110230048031E+16 1.209080249049E+12 1.365986376999E+15 9.777414146147E+17 3.874630565762E+16 4.657007133450E+02 3.400224662966E+02 4.472284801390E+01 1.001211946370E+05 3.389877766275E+00 5.509153599897E+15
4.981889428571E+02 4.000000000000E-02 1.200000000000E-02 6.399945928263E+22 5.789975876050E+21 2.099749350213E+20 9.858298065298E+17 6.940637653100E+15 6.734271062929E+21 6.958113685488E+16 1.056544760730E+12 1.391301893344E+15 1.033188995392E+18 4.118586560192E+16 4.702447344361E+02 3.406902982523E+02 4.430099309685E+01 9.935252860764E+04 3.378202579663E+00 5.550734033863E+15
5.251254285714E+02 4.000000000000E-02 1.200000000000E-02 6.714678725711E+22 5.925952371383E+21 2.119684499479E+20 1.002277080372E+18 7.007985824063E+15 6.885565476764E+21 6.821339661342E+16 9.295198617730E+11 1.414549585184E+15 1.090963619400E+18 4.379203874580E+16 4.744224237952E+02 3.413110104128E+02 4.385867230273E+01 9.855609323267E+04 3.365828856542E+00 5.594743056680E+15
5.520619142857E+02 4.000000000000E-02 1.200000000000E-02 7.023662293059E+22 6.046917772800E+21 2.130798262736E+20 1.018645725900E+18 7.066424233140E+15 7.025347845119E+21 6.693770886172E+16 8.266653194741E+11 1.437759189523E+15 1.147569892868E+18 4.628975457096E+16 4.787428052848E+02 3.419601667892E+02 4.351636698375E+01 9.792839925301E+04 3.356151592876E+00 5.629934230762E+15
5.789984000000E+02 4.000000000000E-02 1.200000000000E-02 7.327559990430E+22 6.156925716279E+21 2.136796884504E+20 1.034680564370E+18 7.132177671326E+15 7.164756911100E+21 6.587685765647E+16 7.431769964189E+11 1.460247431171E+15 1.203999867421E+18 4.876576149434E+16 4.830784718822E+02 3.426191163996E+02 4.320412263541E+01 9.735658081913E+04 3.347249208634E+00 5.668560592057E+15
6.059348857143E+02 4.000000000000E-02 1.200000000000E-02 7.631464981962E+22 6.257590205276E+21 2.138619445472E+20 1.050168455844E+18 7.184163213034E+15 7.292960274556E+21 6.478541853460E+16 6.697342125294E+11 1.482008030509E+15 1.261175301362E+18 5.130219332338E+16 4.872105764676E+02 3.432533575461E+02 4.291728258876E+01 9.682845168911E+04 3.338992261313E+00 5.699456070069E+15
6.328713714286E+02 4.000000000000E-02 1.200000000000E-02 7.933095327356E+22 6.349547160585E+21 2.136690431160E+20 1.065253586976E+18 7.233814786612E+15 7.415663172494E+21 6.376628226202E+16 6.068288715388E+11 1.503169829491E+15 1.318542695739E+18 5.385965837668E+16 4.912497958676E+02 3.438795230936E+02 4.265205776530E+01 9.633919898282E+04 3.331299984376E+00 5.728387856249E+15
6.598078571429E+02 4.000000000000E-02 1.200000000000E-02 8.232527980512E+22 6.433656592540E+21 2.131513690986E+20 1.079968261689E+18 7.281261227723E+15 7.533166635594E+21 6.281065465252E+16 5.524602451951E+11 1.523816000733E+15 1.376017199431E+18 5.643723162225E+16 4.951999816951E+02 3.444977704784E+02 4.240545223744E+01 9.588347744681E+04 3.324100473942E+00 5.755602385721E+15
6.867443428571E+02 4.000000000000E-02 1.200000000000E-02 8.529820616203E+22 6.510681890222E+21 2.123532528842E+20 1.094337432380E+18 7.326779278603E+15 7.645785999953E+21 6.191167580230E+16 5.051151370441E+11 1.544009642535E+15 1.433514855007E+18 5.903381431608E+16 4.990653168992E+02 3.451083477764E+02 4.217501503584E+01 9.545691611601E+04 3.317334299376E+00 5.781311128395E+15
7.136808285714E+02 4.000000000000E-02 1.200000000000E-02 8.825028664545E+22 6.581308695189E+21 2.113139286364E+20 1.108382277994E+18 7.370595849768E+15 7.753820626325E+21 6.106355409112E+16 4.636100865219E+11 1.563802483109E+15 1.490955724013E+18 6.164832323496E+16 5.028498463679E+02 3.457115169677E+02 4.195873804721E+01 9.505592825007E+04 3.310952263615E+00 5.805689177198E+15
7.406173142857E+02 4.000000000000E-02 1.200000000000E-02 9.118199956362E+22 6.646150717309E+21 2.100680671619E+20 1.122120790859E+18 7.412896365192E+15 7.857550636878E+21 6.026136511824E+16 4.270077674355E+11 1.583236838805E+15 1.548263284828E+18 6.427964915446E+16 5.065573756200E+02 3.463075346258E+02 4.175496595501E+01 9.467755357301E+04 3.304913392590E+00 5.828881980557E+15
7.675538000000E+02 4.000000000000E-02 1.200000000000E-02 9.409380103653E+22 6.705758797878E+21 2.086465079135E+20 1.135568475768E+18 7.453823904558E+15 7.957238655661E+21 5.950087048387E+16 3.945559689444E+11 1.602346594237E+15 1.605365084654E+18 6.692672999289E+16 5.101915173154E+02 3.468966551579E+02 4.156231457760E+01 9.431931386365E+04 3.299183045364E+00 5.851012364154E+15
7.944902857143E+02 4.000000000000E-02 1.200000000000E-02 9.698611155523E+22 6.760622823745E+21 2.070753573958E+20 1.148739721551E+18 7.493550095908E+15 8.053130829103E+21 5.877842662478E+16 3.656462073689E+11 1.621164610243E+15 1.662196065397E+18 6.958844347643E+16 5.137557357911E+02 3.474791407550E+02 4.137963813193E+01 9.397915636439E+04 3.293732199443E+00 5.872182106395E+15
8.214267714286E+02 4.000000000000E-02 1.200000000000E-02 9.985934706866E+22 6.811187220915E+21 2.053791346523E+20 1.161646423409E+18 7.532141779769E+15 8.145453607783E+21 5.809079296964E+16 3.397773001706E+11 1.639712088126E+15 1.718692334875E+18 7.226383844036E+16 5.172532037745E+02 3.480552244773E+02 4.120593943363E+01 9.365529193052E+04 3.288535343726E+00 5.892480908189E+15
8.483632571429E+02 4.000000000000E-02 1.200000000000E-02 1.027106928364E+23 6.857827138916E+21 2.035692906882E+20 1.174341488514E+18 7.569152731289E+15 8.234977510302E+21 5.744363790163E+16 3.165592212419E+11 1.658054582245E+15 1.774720918479E+18 7.494579810245E+16 5.206987564817E+02 3.486271455865E+02 4.104109627738E+01 9.334763975665E+04 3.283589401628E+00 5.912365910905E+15
8.752997428571E+02 4.000000000000E-02 1.200000000000E-02 1.055487297258E+23 6.900921602313E+21 2.016853940886E+20 1.186733997902E+18 7.605615537945E+15 8.320482086934E+21 5.681236677475E+16 2.955669508169E+11 1.676103405701E+15 1.830438774430E+18 7.764945226267E+16 5.240649317166E+02 3.491899951950E+02 4.088299814230E+01 9.305205664465E+04 3.278838956773E+00 5.930792498475E+15
9.022362285714E+02 4.000000000000E-02 1.200000000000E-02 1.083688481952E+23 6.940784204325E+21 1.997315758652E+20 1.198893302233E+18 7.641203815849E+15 8.403015917557E+21 5.620868095721E+16 2.765749852101E+11 1.693938225002E+15 1.885671291464E+18 8.036409959671E+16 5.273730539075E+02 3.497471323557E+02 4.073168266472E+01 9.276882964046E+04 3.274285101158E+00 5.948560808526E+15
9.291727142857E+02 4.000000000000E-02 1.200000000000E-02 1.111725059984E+23 6.977699756519E+21 1.977246674610E+20 1.210818512929E+18 7.675780150461E+15 8.482570400245E+21 5.562777799358E+16 2.593163467926E+11 1.711563247646E+15 1.940411514377E+18 8.309123132734E+16 5.306216741291E+02 3.502980767533E+02 4.058659704963E+01 9.249692122962E+04 3.269912910841E+00 5.965537825709E+15
9.561092000000E+02 4.000000000000E-02 1.200000000000E-02 1.139581286546E+23 7.011932268391E+21 1.956721107230E+20 1.222533177096E+18 7.709889069147E+15 8.559603004786E+21 5.507279952917E+16 2.436275108940E+11 1.729005789780E+15 1.994561103545E+18 8.582594076291E+16 5.338199679092E+02 3.508442067781E+02 4.044711749396E+01 9.223528361450E+04 3.265705908156E+00 5.982115131652E+15
9.830456857143E+02 4.000000000000E-02 1.200000000000E-02 1.167267298562E+23 7.043703976830E+21 1.935863466324E+20 1.234041621181E+18 7.743184906805E+15 8.634158018419E+21 5.454021858384E+16 2.293045992888E+11 1.746271121305E+15 2.048111214187E+18 8.856909589572E+16 5.369676872096E+02 3.513852821559E+02 4.031310579085E+01 9.198363946947E+04 3.261659715859E+00 5.998159566991E+15
1.009982171429E+03 4.000000000000E-02 1.200000000000E-02 1.194722602658E+23 7.073309790087E+21 1.914667883888E+20 1.245388126866E+18 7.778134376083E+15 8.707275995918E+21 5.404339943934E+16 2.163381901887E+11 1.763393987940E+15 2.100771371513E+18 9.130511815430E+16 5.400883812622E+02 3.519252683834E+02 4.018261084227E+01 9.173868808474E+04 3.257724082056E+00 6.014992854132E+15
1.036918657143E+03 4.000000000000E-02 1.200000000000E-02 1.222058168978E+23 7.100780051234E+21 1.893364722391E+20 1.256519523064E+18 7.810482337949E+15 8.777535608224E+21 5.355515004137E+16 2.043344626269E+11 1.780342543018E+15 2.152960636706E+18 9.405851367073E+16 5.431473059836E+02 3.524579004777E+02 4.005832312308E+01 9.150490086204E+04 3.253966234421E+00 6.030377551533E+15
1.063855142857E+03 4.000000000000E-02 1.200000000000E-02 1.250217258166E+23 7.125997758434E+21 1.875208900024E+20 1.267198767499E+18 7.834727709714E+15 8.831363525681E+21 5.289202924435E+16 1.923786699619E+11 1.797479377629E+15 2.207856099960E+18 9.703424793811E+16 5.458359986736E+02 3.529279496217E+02 3.996251611579E+01 9.135491299858E+04 3.249166802201E+00 6.038652781941E+15
1.090791628571E+03 4.000000000000E-02 1.200000000000E-02 1.277291170621E+23 7.149901535387E+21 1.853942993337E+20 1.277926351157E+18 7.865523808106E+15 8.896858871925E+21 5.243313365009E+16 1.822028728938E+11 1.814124553878E+15 2.258956805624E+18 9.981242635964E+16 5.487918957238E+02 3.534485935732E+02 3.984615929557E+01 9.113595495082E+04 3.245632991304E+00 6.052833209490E+15
1.117728114286E+03 4.000000000000E-02 1.200000000000E-02 1.304207831968E+23 7.172208365476E+21 1.832695297368E+20 1.288481619569E+18 7.895851046654E+15 8.960494080254E+21 5.199103253281E+16 1.728115994364E+11 1.830631675797E+15 2.309344798437E+18 1.025952685756E+17 5.517073218810E+02 3.539651417969E+02 3.973359478854E+01 9.092396383695E+04 3.242213667220E+00 6.066688011025E+15
1.144664600000E+03 4.000000000000E-02 1.200000000000E-02 1.330979310385E+23 7.193040410692E+21 1.811532946308E+20 1.298862543682E+18 7.925598039698E+15 9.022232069442E+21 5.156294245602E+16 1.641174578662E+11 1.847000482143E+15 2.359044629937E+18 1.053843080863E+17 5.545808359795E+02 3.544771959792E+02 3.962458374020E+01 9.071848086266E+04 3.238901913985E+00 6.080109784453E+15
1.171601085714E+03 4.000000000000E-02 1.200000000000E-02 1.357604731421E+23 7.212514029325E+21 1.790488122812E+20 1.309077573979E+18 7.954845979612E+15 9.082213732131E+21 5.114877541726E+16 1.560574532196E+11 1.863238417240E+15 2.408033946035E+18 1.081782608614E+17 5.574150951624E+02 3.549851014240E+02 3.951892414885E+01 9.051915250306E+04 3.235691881275E+00 6.093171694870E+15
1.198537571429E+03 4.000000000000E-02 1.200000000000E-02 1.384087039950E+23 7.230732968745E+21 1.769593243471E+20 1.319131831136E+18 7.983616398397E+15 9.140517954522E+21 5.074771828872E+16 1.485717902909E+11 1.879350668683E+15 2.456309083050E+18 1.109767248864E+17 5.602114157887E+02 3.554889728290E+02 3.941642570316E+01 9.032563430732E+04 3.232578011715E+00 6.105890354468E+15
1.225474057143E+03 4.000000000000E-02 1.200000000000E-02 1.410427723637E+23 7.247792971929E+21 1.748877102344E+20 1.329031093804E+18 8.011946101876E+15 9.197237978229E+21 5.035926886933E+16 1.416087777541E+11 1.895341884832E+15 2.503860992172E+18 1.137790266128E+17 5.629714649020E+02 3.559889937235E+02 3.931691735860E+01 9.013762016586E+04 3.229555280487E+00 6.118298762062E+15
1.252410542857E+03 4.000000000000E-02 1.200000000000E-02 1.436632604501E+23 7.263777920707E+21 1.728370887747E+20 1.338777350578E+18 8.039808653317E+15 9.252401225465E+21 4.998217941666E+16 1.351187315764E+11 1.911214347634E+15 2.550703083653E+18 1.165855356370E+17 5.656954474744E+02 3.564850881957E+02 3.922023490624E+01 8.995480443175E+04 3.226618837637E+00 6.130370505868E+15
1.279347028571E+03 4.000000000000E-02 1.200000000000E-02 1.462702765754E+23 7.278767444173E+21 1.708091851149E+20 1.348376526370E+18 8.067246863994E+15 9.306098302748E+21 4.961614393542E+16 1.290614304465E+11 1.926972951164E+15 2.596829758820E+18 1.193955446778E+17 5.683850720420E+02 3.569774615081E+02 3.912623282238E+01 8.977692812343E+04 3.223764363677E+00 6.142142861858E+15
1.306283514286E+03 4.000000000000E-02 1.200000000000E-02 1.488640775060E+23 7.292833041343E+21 1.688057396768E+20 1.357832796242E+18 8.094273733348E+15 9.358389998810E+21 4.926057094532E+16 1.233994755934E+11 1.942621272748E+15 2.642244679830E+18 1.222087566054E+17 5.710413859589E+02 3.574662046004E+02 3.903477651601E+01 8.960374705009E+04 3.220987841235E+00 6.153627965409E+15
1.333220000000E+03 4.000000000000E-02 1.200000000000E-02 1.514449223245E+23 7.306039358543E+21 1.668278043393E+20 1.367150328339E+18 8.120905211079E+15 9.409333030680E+21 4.891491249938E+16 1.180994028642E+11 1.958163373827E+15 2.686955073985E+18 1.250248958707E+17 5.736653997373E+02 3.579514092302E+02 3.894573760632E+01 8.943502814592E+04 3.218285430411E+00 6.164837230934E+15
