1.333220000000E+01 1.000000000000E-02 1.200000000000E-02 2.581765622304E+21 1.277234575655E+20 1.982712431507E+18 8.808413634302E+16 7.886135969202E+14 2.370470793301E+20 4.545913671261E+16 5.344239936172E+13 2.522562229015E+14 1.007536692349E+17 2.130302183982E+14 3.276946051450E+02 3.235527369443E+02 1.441186050190E+02 2.337846998715E+05 5.301047228914E+00 5.901070769513E+14
4.026868571429E+01 1.000000000000E-02 1.200000000000E-02 7.787237447807E+21 4.951234671494E+20 6.722124638655E+18 2.914675843319E+17 1.240278967716E+15 4.782733205052E+20 3.000778641990E+16 1.590994446268E+13 4.577394339640E+14 3.355155094845E+17 2.016630393949E+15 3.327201360347E+02 3.240039869034E+02 9.269714114456E+01 1.727813302500E+05 4.330897739592E+00 7.984634038984E+14
6.720517142857E+01 1.000000000000E-02 1.200000000000E-02 1.288494520020E+22 8.722244146104E+20 1.286583769727E+19 3.877807836235E+17 1.448149985194E+15 6.769709679153E+20 2.478425602793E+16 6.739732907882E+12 5.583470523270E+14 4.428662033531E+17 4.906388205971E+15 3.369566156496E+02 3.243930648516E+02 7.921303885982E+01 1.539176461683E+05 4.077269894545E+00 8.970684736911E+14
9.414165714286E+01 1.000000000000E-02 1.200000000000E-02 1.791532054469E+22 1.238716753253E+21 1.988695538619E+19 4.409529077168E+17 1.593341413417E+15 8.458453348079E+20 2.156339641487E+16 3.423916821448E+12 6.306531024711E+14 5.162526268044E+17 8.439054395573E+15 3.406121577542E+02 3.247348964534E+02 7.186563738419E+01 1.430093663668E+05 3.937367137732E+00 9.656794717303E+14
1.210781428571E+02 1.000000000000E-02 1.200000000000E-02 2.290232437220E+22 1.593200620837E+21 2.739068393961E+19 4.773562521331E+17 1.718264268319E+15 9.881829682545E+20 1.910244350749E+16 1.858387985248E+12 6.932116859179E+14 5.828848350682E+17 1.238773145599E+16 3.437695497418E+02 3.250345851575E+02 6.626046732865E+01 1.344473924473E+05 3.827397285764E+00 1.025947421690E+15
1.480146285714E+02 1.000000000000E-02 1.200000000000E-02 2.784279242127E+22 1.934198227090E+21 3.525142559197E+19 5.053778629633E+17 1.827975905059E+15 1.114369322391E+21 1.721797899581E+16 1.079701419477E+12 7.488880088914E+14 6.460953384678E+17 1.665921485225E+16 3.466565140844E+02 3.253123259172E+02 6.205390746733E+01 1.277981021783E+05 3.744150050315E+00 1.080534625836E+15
1.749511142857E+02 1.000000000000E-02 1.200000000000E-02 3.273416971023E+22 2.251633101340E+21 4.333097743397E+19 5.254451980359E+17 1.913357885268E+15 1.234132273139E+21 1.584833893982E+16 7.030214658779E+11 7.920540332389E+14 7.041942449411E+17 2.131296645053E+16 3.494414310161E+02 3.255837571132E+02 5.902684282660E+01 1.229512802068E+05 3.682307900038E+00 1.122009280039E+15
2.018876000000E+02 1.000000000000E-02 1.200000000000E-02 3.755562475696E+22 2.548095026183E+21 5.167496144548E+19 5.405147893313E+17 1.981009961539E+15 1.356772242339E+21 1.493036701712E+16 5.093410616160E+11 8.248323201050E+14 7.594325661003E+17 2.636646554333E+16 3.522549456342E+02 3.258615979096E+02 5.678195871106E+01 1.192928763272E+05 3.635864253809E+00 1.156994704536E+15
2.288240857143E+02 1.000000000000E-02 1.200000000000E-02 4.233788864449E+22 2.819488297599E+21 5.986536364816E+19 5.519019422009E+17 2.032542844977E+15 1.474119171069E+21 1.418810680745E+16 3.905443302631E+11 8.510096493075E+14 8.171023772386E+17 3.179960269046E+16 3.549659722578E+02 3.261325776707E+02 5.521738483888E+01 1.167167613462E+05 3.602719562402E+00 1.182081587905E+15
2.557605714286E+02 1.000000000000E-02 1.200000000000E-02 4.706161797292E+22 3.072337263394E+21 6.792652006900E+19 5.618298536191E+17 2.077481077862E+15 1.589380539363E+21 1.360176595282E+16 3.118499738461E+11 8.741359637635E+14 8.781146627752E+17 3.751715812901E+16 3.576823762676E+02 3.264073539686E+02 5.397083870400E+01 1.146030608506E+05 3.577454340896E+00 1.203866379133E+15
2.826970571429E+02 1.000000000000E-02 1.200000000000E-02 5.176059684511E+22 3.302129754836E+21 7.566807322253E+19 5.702021862712E+17 2.117413164420E+15 1.697818565516E+21 1.307495712777E+16 2.541130016237E+11 8.948761433787E+14 9.432997879286E+17 4.358366947572E+16 3.602597061981E+02 3.266709662190E+02 5.289260947188E+01 1.128050024558E+05 3.553885846374E+00 1.223205610793E+15
3.096335428571E+02 1.000000000000E-02 1.200000000000E-02 5.642607111975E+22 3.512738309237E+21 8.307853609916E+19 5.777409778896E+17 2.154126037210E+15 1.801004356612E+21 1.260590384065E+16 2.104741368071E+11 9.143057841620E+14 1.012747452796E+18 4.994235733236E+16 3.627582492037E+02 3.269292376417E+02 5.194753003695E+01 1.112213793018E+05 3.532927183879E+00 1.240865287066E+15
3.365700285714E+02 1.000000000000E-02 1.200000000000E-02 6.105960224569E+22 3.705393220463E+21 9.013386034053E+19 5.846818877759E+17 2.189870557737E+15 1.899274509885E+21 1.218318826357E+16 1.765824825354E+11 9.328195530967E+14 1.086403420797E+18 5.658084970366E+16 3.651854390405E+02 3.271826884045E+02 5.110442625888E+01 1.098026326433E+05 3.513982530592E+00 1.257335486278E+15
3.635065142857E+02 1.000000000000E-02 1.200000000000E-02 6.566544897813E+22 3.881410348887E+21 9.681057115120E+19 5.911651247928E+17 2.223249507424E+15 1.992256886181E+21 1.179227213866E+16 1.494014009947E+11 9.507965308674E+14 1.164219458991E+18 6.348439377644E+16 3.675349459705E+02 3.274304082282E+02 5.033399495264E+01 1.085009493565E+05 3.496469993550E+00 1.272838997862E+15
3.904430000000E+02 1.000000000000E-02 1.200000000000E-02 7.027234836471E+22 4.037897444287E+21 1.028987373579E+20 5.966002455863E+17 2.249968460813E+15 2.076248448160E+21 1.139292562742E+16 1.266226287189E+11 9.677302226908E+14 1.247344715068E+18 7.072857467605E+16 3.697202114973E+02 3.276628342226E+02 4.977270886106E+01 1.075486430855E+05 3.483326892889E+00 1.282840367742E+15
4.173794857143E+02 1.000000000000E-02 1.200000000000E-02 7.483405469180E+22 4.183964895401E+21 1.087977160835E+20 6.023127760255E+17 2.281469327281E+15 2.158514869971E+21 1.104630266977E+16 1.083357388934E+11 9.850400891392E+14 1.333202491434E+18 7.815143925130E+16 3.719077012066E+02 3.278975712716E+02 4.909468986484E+01 1.063954117011E+05 3.467644936463E+00 1.296579762333E+15
4.443159714286E+02 1.000000000000E-02 1.200000000000E-02 7.937819706600E+22 4.317465676663E+21 1.143352245484E+20 6.077010058577E+17 2.312081748522E+15 2.235088745592E+21 1.071191970652E+16 9.292807465000E+10 1.002284943149E+15 1.422611416905E+18 8.580299278089E+16 3.740086392677E+02 3.281248958953E+02 4.840737118162E+01 1.052216952129E+05 3.451679619049E+00 1.309988921247E+15
4.712524571429E+02 1.000000000000E-02 1.200000000000E-02 8.389028307911E+22 4.439679756643E+21 1.195598688927E+20 6.131706532444E+17 2.342717436884E+15 2.309025745047E+21 1.040594653543E+16 8.001730938477E+10 1.019663272058E+15 1.515673374459E+18 9.366953122674E+16 3.760810330783E+02 3.283509759109E+02 4.785924367097E+01 1.042828938852E+05 3.438716054414E+00 1.323148746479E+15
4.981889428571E+02 1.000000000000E-02 1.200000000000E-02 8.839624236491E+22 4.551616854494E+21 1.244355298458E+20 6.182361594129E+17 2.372113511447E+15 2.376121104372E+21 1.009772572625E+16 6.879759712949E+10 1.037140627237E+15 1.611876051465E+18 1.017427815556E+17 3.780421335504E+02 3.285665234760E+02 4.726007697408E+01 1.032525710141E+05 3.424568947595E+00 1.335816511082E+15
5.251254285714E+02 1.000000000000E-02 1.200000000000E-02 9.288913998282E+22 4.654332354677E+21 1.290045723116E+20 6.230771493386E+17 2.402739026174E+15 2.438151009085E+21 9.797310921710E+15 5.914995711526E+10 1.054742127713E+15 1.711116548218E+18 1.100132349902E+17 3.799245233715E+02 3.287749090015E+02 4.667559727041E+01 1.022438066152E+05 3.410690063499E+00 1.348110124586E+15
5.520619142857E+02 1.000000000000E-02 1.200000000000E-02 9.737881217920E+22 4.753120194006E+21 1.335361759697E+20 6.281822464307E+17 2.436516185215E+15 2.499718916899E+21 9.525283228652E+15 5.062274520621E+10 1.072717308776E+15 1.814009929194E+18 1.186760414950E+17 3.816672447695E+02 3.289691492578E+02 4.602048336647E+01 1.011063484687E+05 3.395389617096E+00 1.364226309870E+15
5.789984000000E+02 1.000000000000E-02 1.200000000000E-02 1.018504252930E+23 4.842677092534E+21 1.376221983052E+20 6.328673980384E+17 2.468369230484E+15 2.551770811828E+21 9.234377065303E+15 4.325159253531E+10 1.091301104942E+15 1.918144159400E+18 1.272578947471E+17 3.833922188781E+02 3.291626026126E+02 4.543836947002E+01 1.000927732748E+05 3.381462097451E+00 1.377154510835E+15
6.059348857143E+02 1.000000000000E-02 1.200000000000E-02 1.063004523522E+23 4.928682422614E+21 1.415677106982E+20 6.377591773837E+17 2.502340777301E+15 2.600231642017E+21 8.954736267519E+15 3.681630723220E+10 1.110751911488E+15 2.023557934854E+18 1.358862124037E+17 3.850749681334E+02 3.293525085252E+02 4.485231109652E+01 9.906857633798E+04 3.367396953870E+00 1.391659863176E+15
6.328713714286E+02 1.000000000000E-02 1.200000000000E-02 1.107433397740E+23 5.010574387154E+21 1.453335311195E+20 6.425545613891E+17 2.537249525677E+15 2.643714926804E+21 8.677283471085E+15 3.119289669953E+10 1.130768955181E+15 2.130330529149E+18 1.445917997395E+17 3.866809820157E+02 3.295348155284E+02 4.426273030477E+01 9.803421388957E+04 3.353184237927E+00 1.406535239743E+15
6.598078571429E+02 1.000000000000E-02 1.200000000000E-02 1.151779539840E+23 5.088440255996E+21 1.489339363304E+20 6.472055887032E+17 2.572670075782E+15 2.682923239953E+21 8.405274974847E+15 2.635819571719E+10 1.151139107488E+15 2.238346787525E+18 1.533758487087E+17 3.882204925552E+02 3.297105497869E+02 4.367785342543E+01 9.700428198972E+04 3.339004837731E+00 1.421579029169E+15
6.867443428571E+02 1.000000000000E-02 1.200000000000E-02 1.196014769729E+23 5.161192225862E+21 1.523561371941E+20 6.515914737984E+17 2.607508944809E+15 2.719037013376E+21 8.144216040583E+15 2.231499534172E+10 1.171369223425E+15 2.348006606307E+18 1.622834365873E+17 3.897095285186E+02 3.298814445617E+02 4.311535234667E+01 9.601039677681E+04 3.325262516259E+00 1.436167486814E+15
7.136808285714E+02 1.000000000000E-02 1.200000000000E-02 1.240084428446E+23 5.227150988529E+21 1.555726527876E+20 6.555983715050E+17 2.640435102319E+15 2.753622565425E+21 7.900808016209E+15 1.903897724128E+10 1.190870012653E+15 2.460117951605E+18 1.713869620109E+17 3.911706479476E+02 3.300500386841E+02 4.259560847705E+01 9.508942977146E+04 3.312437698552E+00 1.449583484296E+15
7.406173142857E+02 1.000000000000E-02 1.200000000000E-02 1.283386267739E+23 5.289476587245E+21 1.587686015973E+20 6.601117510920E+17 2.675393628584E+15 2.793196550787E+21 7.703856995667E+15 1.650501851712E+10 1.210055338542E+15 2.573357946293E+18 1.804859266100E+17 3.927521391393E+02 3.302336581794E+02 4.212633702764E+01 9.425667334598E+04 3.300754045802E+00 1.465163016729E+15
7.675538000000E+02 1.000000000000E-02 1.200000000000E-02 1.326695558836E+23 5.342086780716E+21 1.616568138851E+20 6.637110461578E+17 2.705715950655E+15 2.830141821419E+21 7.515106034283E+15 1.447965193267E+10 1.227592179408E+15 2.690564742795E+18 1.899510609597E+17 3.942674252261E+02 3.304105431872E+02 4.167222675484E+01 9.344895974080E+04 3.289344580157E+00 1.477752202467E+15
7.944902857143E+02 1.000000000000E-02 1.200000000000E-02 1.370397161264E+23 5.382383300860E+21 1.641347045758E+20 6.661910167966E+17 2.729658972004E+15 2.861631353262E+21 7.319128288185E+15 1.282232842708E+10 1.243721438887E+15 2.813798245545E+18 2.000303716990E+17 3.956332457696E+02 3.305707131054E+02 4.134889883000E+01 9.291084574404E+04 3.279060291703E+00 1.485738279770E+15
8.214267714286E+02 1.000000000000E-02 1.200000000000E-02 1.413272089345E+23 5.418417730534E+21 1.665050315592E+20 6.690286591993E+17 2.753138902750E+15 2.898720968661E+21 7.164397660537E+15 1.150988936419E+10 1.259018024694E+15 2.939866268763E+18 2.101562634271E+17 3.971338224902E+02 3.307477159976E+02 4.103887110858E+01 9.235873106345E+04 3.270989831848E+00 1.494081986499E+15
8.483632571429E+02 1.000000000000E-02 1.200000000000E-02 1.455860481410E+23 5.448837170056E+21 1.686961305631E+20 6.717129415595E+17 2.774248740913E+15 2.935958174291E+21 7.024265923393E+15 1.042193389761E+10 1.273681687269E+15 3.069308470101E+18 2.205074823967E+17 3.986381455798E+02 3.309261217625E+02 4.076044837354E+01 9.186249185789E+04 3.263666756468E+00 1.501685621887E+15
8.752997428571E+02 1.000000000000E-02 1.200000000000E-02 1.498108495648E+23 5.473822590532E+21 1.707169369288E+20 6.743043057488E+17 2.796388687178E+15 2.973932570157E+21 6.899818849925E+15 9.526921494874E+09 1.287704843346E+15 3.202267945525E+18 2.310827595609E+17 4.001584685216E+02 3.311074091909E+02 4.051432671077E+01 9.142369540068E+04 3.257117986128E+00 1.508685987623E+15
9.022362285714E+02 1.000000000000E-02 1.200000000000E-02 1.540114870575E+23 5.494507889557E+21 1.725818384210E+20 6.767777770842E+17 2.816508232022E+15 3.011378294633E+21 6.784366509358E+15 8.757066212696E+09 1.301349336019E+15 3.338329417642E+18 2.418558661370E+17 4.016706178258E+02 3.312886807439E+02 4.028797299789E+01 9.101982822072E+04 3.251046150764E+00 1.515150041805E+15
9.291727142857E+02 1.000000000000E-02 1.200000000000E-02 1.581861395057E+23 5.511307203168E+21 1.743035925140E+20 6.791714552383E+17 2.835851289658E+15 3.048475806962E+21 6.677756065062E+15 8.092559251394E+09 1.314662648477E+15 3.477415300619E+18 2.528163674517E+17 4.031788997554E+02 3.314704424827E+02 4.007982623652E+01 9.064822069521E+04 3.245418180072E+00 1.521208305632E+15
9.561092000000E+02 1.000000000000E-02 1.200000000000E-02 1.623370793092E+23 5.524639611575E+21 1.758904685289E+20 6.814830315119E+17 2.854524621393E+15 3.084990317722E+21 6.578246595216E+15 7.511396129154E+09 1.327705412579E+15 3.619425160637E+18 2.639570287518E+17 4.046785749386E+02 3.316521057493E+02 3.988666755238E+01 9.030314052351E+04 3.240158717682E+00 1.526880155673E+15
9.830456857143E+02 1.000000000000E-02 1.200000000000E-02 1.664650391797E+23 5.534920304726E+21 1.773531430803E+20 6.837253862534E+17 2.872612109244E+15 3.120846863275E+21 6.484878221959E+15 6.998208584352E+09 1.340532789806E+15 3.764226935004E+18 2.752663789498E+17 4.061684678512E+02 3.318335080189E+02 3.970613197545E+01 8.998038717239E+04 3.235212495890E+00 1.532233751637E+15
1.009982171429E+03 1.000000000000E-02 1.200000000000E-02 1.705707949733E+23 5.542475776365E+21 1.787002460756E+20 6.859051596238E+17 2.890199756163E+15 3.155990438363E+21 6.396871486094E+15 6.541532961823E+09 1.353181000622E+15 3.911720587819E+18 2.867362681785E+17 4.076475306024E+02 3.320144999880E+02 3.953650014442E+01 8.967691015417E+04 3.230539181217E+00 1.537307104661E+15
1.036918657143E+03 1.000000000000E-02 1.200000000000E-02 1.746550704839E+23 5.547606380002E+21 1.799400602323E+20 6.880282651053E+17 2.907356203361E+15 3.190377067371E+21 6.313565348361E+15 6.132232189860E+09 1.365681809417E+15 4.061801303134E+18 2.983584121286E+17 4.091149175793E+02 3.321949551492E+02 3.937628859599E+01 8.939007319911E+04 3.226103672682E+00 1.542135312700E+15
1.063855142857E+03 1.000000000000E-02 1.200000000000E-02 1.787161086573E+23 5.550667459142E+21 1.810848048862E+20 6.901270808388E+17 2.924354245263E+15 3.224161715943E+21 6.235076875356E+15 5.764323029090E+09 1.378075581598E+15 4.214282844074E+18 3.101123382644E+17 4.105746421497E+02 3.323753502726E+02 3.922456341291E+01 8.911824428181E+04 3.221884496291E+00 1.546839634047E+15
1.090791628571E+03 1.000000000000E-02 1.200000000000E-02 1.826688910757E+23 5.553908455706E+21 1.822106187566E+20 6.929573670341E+17 2.942513385938E+15 3.263621644934E+21 6.182926169978E+15 5.450787050393E+09 1.390429765832E+15 4.367317363237E+18 3.215572661348E+17 4.121921351276E+02 3.325763688859E+02 3.905498886268E+01 8.877159302316E+04 3.219421054785E+00 1.552816994231E+15
1.117728114286E+03 1.000000000000E-02 1.200000000000E-02 1.867811031457E+23 5.551056503813E+21 1.830952414579E+20 6.941447760313E+17 2.957149641653E+15 3.289070825953E+21 6.087964830967E+15 5.125521325845E+09 1.402547014414E+15 4.526461261232E+18 3.340430743384E+17 4.134496508636E+02 3.327332020443E+02 3.894180374416E+01 8.861102835898E+04 3.213977795078E+00 1.555549769087E+15
1.144664600000E+03 1.000000000000E-02 1.200000000000E-02 1.906878267711E+23 5.551047962465E+21 1.840527047300E+20 6.969282411624E+17 2.974881298848E+15 3.327157873796E+21 6.042282230614E+15 4.866318459690E+09 1.414756555673E+15 4.683677233414E+18 3.456871897832E+17 4.150494166046E+02 3.329338995023E+02 3.878468068618E+01 8.828567389035E+04 3.211867137744E+00 1.561241188494E+15
1.171601085714E+03 1.000000000000E-02 1.200000000000E-02 1.947103922782E+23 5.546812378991E+21 1.848542949659E+20 6.986742637460E+17 2.991603704493E+15 3.355048652024E+21 5.966821807561E+15 4.608225882819E+09 1.427153217846E+15 4.845935125402E+18 3.581653907853E+17 4.163802036606E+02 3.331015141960E+02 3.871566031403E+01 8.820555903273E+04 3.207532105814E+00 1.565200516599E+15
1.198537571429E+03 1.000000000000E-02 1.200000000000E-02 1.986739116395E+23 5.541954599801E+21 1.855891829775E+20 7.005549686295E+17 3.007445452923E+15 3.384807641444E+21 5.903471216022E+15 4.372714388436E+09 1.439152428105E+15 5.009499363992E+18 3.705351894319E+17 4.177754745767E+02 3.332780727314E+02 3.859382641026E+01 8.798643432128E+04 3.204091169842E+00 1.569039416590E+15
1.225474057143E+03 1.000000000000E-02 1.200000000000E-02 2.025125864191E+23 5.538274475442E+21 1.863331500967E+20 7.032932649165E+17 3.024840610436E+15 3.420926589710E+21 5.865617646648E+15 4.172167483020E+09 1.451223303159E+15 5.172167391899E+18 3.824059523111E+17 4.193504451384E+02 3.334784364706E+02 3.845092439300E+01 8.768530442586E+04 3.202396006228E+00 1.574413556286E+15
1.252410542857E+03 1.000000000000E-02 1.200000000000E-02 2.064349635694E+23 5.531415307120E+21 1.869437467507E+20 7.051428113009E+17 3.040377183385E+15 3.449347928298E+21 5.807164117938E+15 3.970402257811E+09 1.463157938555E+15 5.339286390473E+18 3.949388448342E+17 4.207268891169E+02 3.336542730513E+02 3.833768464329E+01 8.748103050988E+04 3.199196812122E+00 1.578099758802E+15
1.279347028571E+03 1.000000000000E-02 1.200000000000E-02 2.104509872298E+23 5.521454821556E+21 1.874282370518E+20 7.060595756589E+17 3.054002409497E+15 3.469833132437E+21 5.728097761050E+15 3.767780298135E+09 1.474942475366E+15 5.511389084906E+18 4.082189446303E+17 4.218953943008E+02 3.338040353177E+02 3.825371413568E+01 8.737375604348E+04 3.194444855624E+00 1.580070452681E+15
1.306283514286E+03 1.000000000000E-02 1.200000000000E-02 2.143414096707E+23 5.512908944418E+21 1.879291268865E+20 7.078359214439E+17 3.069239566674E+15 3.496713822629E+21 5.673714205721E+15 3.594227094350E+09 1.486804264422E+15 5.682264377037E+18 4.209669593999E+17 4.232446915719E+02 3.339777879802E+02 3.814784727153E+01 8.718273357827E+04 3.191430732367E+00 1.583546963351E+15
1.333220000000E+03 1.000000000000E-02 1.200000000000E-02 2.182146377531E+23 5.503657835664E+21 1.883799613483E+20 7.095855495220E+17 3.084369748429E+15 3.522895556612E+21 5.621170960136E+15 3.432535097772E+09 1.498637870792E+15 5.854806425686E+18 4.337974318797E+17 4.245824134657E+02 3.341507773761E+02 3.804525646875E+01 8.699747329274E+04 3.188505262360E+00 1.586936585687E+15
