6.666100000000E+02 5.000000000000E-03 1.200000000000E-02 1.279053929012E+23 3.856318579952E+21 9.737596047207E+19 4.194463012010E+17 1.618975951844E+15 1.596790413860E+21 3.764463231522E+15 1.112392778785E+10 9.412038474714E+14 2.791083703703E+18 2.150567718554E+17 3.617811962792E+02 3.268151582763E+02 4.644494020958E+01 1.017253858035E+05 3.393306072876E+00 6.778122321239E+14
6.666100000000E+02 5.918367346939E-03 1.200000000000E-02 1.253198442394E+23 4.143935429082E+21 1.089183222147E+20 4.700107641135E+17 1.794815626279E+15 1.827962143544E+21 4.579333878518E+15 1.426657373817E+10 9.858367442812E+14 2.669338465523E+18 2.021982054526E+17 3.674399320867E+02 3.274086833247E+02 4.595498001473E+01 1.008964778549E+05 3.384188638789E+00 8.090513749867E+14
6.666100000000E+02 6.836734693878E-03 1.200000000000E-02 1.229747860467E+23 4.398228018046E+21 1.193754574089E+20 5.159083114062E+17 1.970072251429E+15 2.043321156618E+21 5.406215441817E+15 1.725086902322E+10 1.027439312123E+15 2.561475101809E+18 1.900431137376E+17 3.727301885539E+02 3.279764655552E+02 4.543723575653E+01 1.000171627756E+05 3.374186719547E+00 9.427056461067E+14
6.666100000000E+02 7.755102040816E-03 1.200000000000E-02 1.208682871441E+23 4.629744643827E+21 1.291198145337E+20 5.581092277296E+17 2.147931400510E+15 2.246433876183E+21 6.246145368265E+15 1.982192592734E+10 1.066886702255E+15 2.466602214895E+18 1.792003269150E+17 3.775751438619E+02 3.285073981418E+02 4.480978068119E+01 9.893768644984E+04 3.361743350727E+00 1.081112241934E+15
6.666100000000E+02 8.673469387755E-03 1.200000000000E-02 1.189023985381E+23 4.840016192398E+21 1.380476409514E+20 5.971075841371E+17 2.326104455753E+15 2.434653629544E+21 7.085528714205E+15 2.208787235214E+10 1.105223517415E+15 2.377934495918E+18 1.687949554476E+17 3.822337819774E+02 3.290276430017E+02 4.425133540257E+01 9.798038446369E+04 3.350330446133E+00 1.220936395423E+15
6.666100000000E+02 9.591836734694E-03 1.200000000000E-02 1.170743436113E+23 5.030057874895E+21 1.463391131056E+20 6.332128864572E+17 2.503701867962E+15 2.614013730642E+21 7.944028235641E+15 2.423165599510E+10 1.141317413863E+15 2.298218933013E+18 1.594248430921E+17 3.866737247467E+02 3.295323542565E+02 4.373372159260E+01 9.709217626685E+04 3.339625836343E+00 1.362439757524E+15
6.666100000000E+02 1.051020408163E-02 1.200000000000E-02 1.153494421148E+23 5.197365403777E+21 1.539677813887E+20 6.664356604266E+17 2.677291899168E+15 2.789471701169E+21 8.844460456250E+15 2.669204313022E+10 1.173851580338E+15 2.228127683474E+18 1.511464137668E+17 3.909776966869E+02 3.300298747814E+02 4.331392349371E+01 9.637530339929E+04 3.330976642179E+00 1.503473723423E+15
6.666100000000E+02 1.142857142857E-02 1.200000000000E-02 1.136903421329E+23 5.343082580111E+21 1.609689996975E+20 6.971130824704E+17 2.846476066913E+15 2.965667697354E+21 9.811112930753E+15 2.981198348279E+10 1.202526584184E+15 2.166651695824E+18 1.438000578434E+17 3.952350885908E+02 3.305300026629E+02 4.300980334306E+01 9.586338859864E+04 3.324864837583E+00 1.643746208293E+15
6.666100000000E+02 1.234693877551E-02 1.200000000000E-02 1.120873241006E+23 5.470618999239E+21 1.673894058226E+20 7.254867919654E+17 3.011486647279E+15 3.143013370150E+21 1.084783773852E+16 3.367678303477E+10 1.227851176896E+15 2.111939882398E+18 1.371870789894E+17 3.994590228080E+02 3.310340320518E+02 4.278251572759E+01 9.548866336267E+04 3.320435306462E+00 1.783666281376E+15
6.666100000000E+02 1.326530612245E-02 1.200000000000E-02 1.105377465495E+23 5.583813358134E+21 1.733037341901E+20 7.517705060571E+17 3.174838691095E+15 3.320707371776E+21 1.195243806504E+16 3.831022298266E+10 1.250485048301E+15 2.062110562051E+18 1.311393879443E+17 4.036427575307E+02 3.315409271249E+02 4.257505356227E+01 9.515032895735E+04 3.316373927435E+00 1.924329954915E+15
6.666100000000E+02 1.418367346939E-02 1.200000000000E-02 1.090796958998E+23 5.680605823589E+21 1.785169142557E+20 7.755635954842E+17 3.330274297098E+15 3.494088166929E+21 1.309129707911E+16 4.355112768501E+10 1.270300377536E+15 2.018483486867E+18 1.257580933264E+17 4.076735633027E+02 3.320364892580E+02 4.247013363093E+01 9.499418423209E+04 3.314648766746E+00 2.060007320124E+15
6.666100000000E+02 1.510204081633E-02 1.200000000000E-02 1.076778505096E+23 5.767001120745E+21 1.832610656640E+20 7.976596064883E+17 3.482846787042E+15 3.665899012813E+21 1.428208455789E+16 4.946135818375E+10 1.288385209070E+15 1.978349571344E+18 1.207903625628E+17 4.116320175512E+02 3.325300026231E+02 4.239309642719E+01 9.488840553220E+04 3.313528569688E+00 2.195172632791E+15
6.666100000000E+02 1.602040816327E-02 1.200000000000E-02 1.063292241088E+23 5.844163599003E+21 1.875623136209E+20 8.181885103963E+17 3.634599360223E+15 3.836027412658E+21 1.552359247529E+16 5.608993977526E+10 1.304927666661E+15 1.941238010865E+18 1.161904664624E+17 4.155183447257E+02 3.330211046104E+02 4.233868706038E+01 9.482362230287E+04 3.312897346601E+00 2.329727349491E+15
6.666100000000E+02 1.693877551020E-02 1.200000000000E-02 1.050335236152E+23 5.913606980180E+21 1.914606450938E+20 8.373142598233E+17 3.784015714204E+15 4.003793380692E+21 1.681035345386E+16 6.338729611666E+10 1.320264672162E+15 1.906624629046E+18 1.119128375821E+17 4.193241312247E+02 3.335083270587E+02 4.229726211166E+01 9.478249220117E+04 3.312533123095E+00 2.463827372907E+15
6.666100000000E+02 1.785714285714E-02 1.200000000000E-02 1.037868381913E+23 5.976205859728E+21 1.949848675030E+20 8.551692602469E+17 3.931954384791E+15 4.169272488401E+21 1.814199539941E+16 7.138604287625E+10 1.334543682075E+15 1.874183965687E+18 1.079237943424E+17 4.230537669590E+02 3.339918293868E+02 4.226612741509E+01 9.476018652403E+04 3.312376846263E+00 2.597539579571E+15
6.666100000000E+02 1.877551020408E-02 1.200000000000E-02 1.025834733892E+23 6.032844543510E+21 1.981681218550E+20 8.719089942339E+17 4.078962576930E+15 4.332820432718E+21 1.952067543814E+16 8.012563637409E+10 1.347931668003E+15 1.843578962363E+18 1.041857300862E+17 4.267179698700E+02 3.344726438323E+02 4.224292856450E+01 9.475253628396E+04 3.312377698116E+00 2.731209198612E+15
6.666100000000E+02 1.969387755102E-02 1.200000000000E-02 1.013837455888E+23 6.083399505582E+21 2.009968092251E+20 8.881000063959E+17 4.228161899174E+15 4.500699037200E+21 2.099485705691E+16 8.997242853651E+10 1.360649894680E+15 1.814759355182E+18 1.006141666398E+17 4.304403265970E+02 3.349669675057E+02 4.230490432228E+01 9.489794829318E+04 3.314419397457E+00 2.865690747786E+15
6.666100000000E+02 2.061224489796E-02 1.200000000000E-02 1.002629597281E+23 6.129549758994E+21 2.035428032211E+20 9.028324450821E+17 4.373334052965E+15 4.660066430988E+21 2.246467715472E+16 1.002777473532E+11 1.372499006376E+15 1.787316171350E+18 9.732575093029E+16 4.339716041878E+02 3.354413511206E+02 4.229406731676E+01 9.491319406132E+04 3.314661653375E+00 2.998864018187E+15
6.666100000000E+02 2.153061224490E-02 1.200000000000E-02 9.918067580174E+22 6.171240557821E+21 2.058059077678E+20 9.166852096098E+17 4.517611506974E+15 4.817168527558E+21 2.397652564680E+16 1.113763023042E+11 1.383702381282E+15 1.761205959374E+18 9.423425405321E+16 4.374364461649E+02 3.359119503389E+02 4.228662415754E+01 9.493480229267E+04 3.314959278352E+00 3.131800968475E+15
6.666100000000E+02 2.244897959184E-02 1.200000000000E-02 9.813465545258E+22 6.208867398752E+21 2.078046710950E+20 9.297315423345E+17 4.661075141637E+15 4.972046449701E+21 2.552986177507E+16 1.232916923508E+11 1.394322849087E+15 1.736293099776E+18 9.132330702394E+16 4.408374374675E+02 3.363788154194E+02 4.228181544758E+01 9.496138787799E+04 3.315296003251E+00 3.264520714673E+15
6.666100000000E+02 2.336734693878E-02 1.200000000000E-02 9.712282493990E+22 6.242774669960E+21 2.095562298121E+20 9.420369337016E+17 4.803795072234E+15 5.124746811193E+21 2.712421580603E+16 1.360481667639E+11 1.404413571580E+15 1.712460215103E+18 8.857832513616E+16 4.441770949793E+02 3.368420088348E+02 4.227907130743E+01 9.499190705268E+04 3.315659835476E+00 3.397038333322E+15
6.666100000000E+02 2.428571428571E-02 1.200000000000E-02 9.614327579869E+22 6.273265164546E+21 2.110764875360E+20 9.536600268793E+17 4.945829470367E+15 5.275317466365E+21 2.875915156665E+16 1.496702346694E+11 1.414020012154E+15 1.689604980198E+18 8.598626507712E+16 4.474578046049E+02 3.373015950902E+02 4.227795681218E+01 9.502555914503E+04 3.316041807912E+00 3.529364631664E+15
6.666100000000E+02 2.520408163265E-02 1.200000000000E-02 9.519420830137E+22 6.300608784507E+21 2.123803322454E+20 9.646539981454E+17 5.087232252208E+15 5.423812864553E+21 3.043432994086E+16 1.641831602916E+11 1.423181878445E+15 1.667636533682E+18 8.353529728317E+16 4.506819600015E+02 3.377576587618E+02 4.227813523463E+01 9.506172225428E+04 3.316435159579E+00 3.661513102443E+15
6.666100000000E+02 2.612244897959E-02 1.200000000000E-02 9.427398867381E+22 6.325045760412E+21 2.134816378195E+20 9.750664120367E+17 5.228046297480E+15 5.570282573351E+21 3.214938565247E+16 1.796120081598E+11 1.431933473809E+15 1.646475210072E+18 8.121482435432E+16 4.538517277040E+02 3.382102701381E+02 4.227934437463E+01 9.509990822563E+04 3.316834770066E+00 3.793490869628E+15
6.666100000000E+02 2.704081632653E-02 1.200000000000E-02 9.339773028025E+22 6.346425802342E+21 2.143787133539E+20 9.847620314753E+17 5.365491860258E+15 5.712052684508E+21 3.387037861678E+16 1.956544573724E+11 1.440158341687E+15 1.626424950874E+18 7.905542553920E+16 4.569106814443E+02 3.386510350196E+02 4.228137729173E+01 9.513903858502E+04 3.317230386873E+00 3.922838947325E+15
6.666100000000E+02 2.795918367347E-02 1.200000000000E-02 9.253125197989E+22 6.365702222451E+21 2.151157242199E+20 9.941351183946E+17 5.505089404499E+15 5.854495747076E+21 3.566140679499E+16 2.129519613341E+11 1.448173854867E+15 1.606682818659E+18 7.696828433362E+16 4.599752599292E+02 3.390965176494E+02 4.228406931413E+01 9.518014018817E+04 3.317631670871E+00 4.054347272875E+15
6.666100000000E+02 2.887755102041E-02 1.200000000000E-02 9.167530514829E+22 6.383249874204E+21 2.157097706288E+20 1.003240418813E+18 5.644244469866E+15 5.997251012913E+21 3.752155851008E+16 2.314130466798E+11 1.456104221391E+15 1.587158167617E+18 7.494788191691E+16 4.630413799717E+02 3.395461246475E+02 4.228399840712E+01 9.521702799441E+04 3.317956145340E+00 4.188395941688E+15
6.666100000000E+02 2.979591836735E-02 1.200000000000E-02 9.087139795432E+22 6.397845830457E+21 2.161203739095E+20 1.011581251595E+18 5.779572695602E+15 6.133489808884E+21 3.935696550641E+16 2.503207236708E+11 1.463383313745E+15 1.568919522968E+18 7.309498537129E+16 4.659579585648E+02 3.399774208057E+02 4.228760685306E+01 9.525935511778E+04 3.318344027606E+00 4.317366130681E+15
6.666100000000E+02 3.071428571429E-02 1.200000000000E-02 9.007503900363E+22 6.410657973934E+21 2.163930593436E+20 1.019659216703E+18 5.917666389365E+15 6.270450151363E+21 4.126367810480E+16 2.706441630198E+11 1.470476391512E+15 1.550877251864E+18 7.129903396485E+16 4.688826041559E+02 3.404134412334E+02 4.229154962159E+01 9.530304493415E+04 3.318731091409E+00 4.448455560701E+15
6.666100000000E+02 3.163265306122E-02 1.200000000000E-02 8.929985143747E+22 6.421604424928E+21 2.165309545638E+20 1.027361789722E+18 6.055343482824E+15 6.405673475928E+21 4.320838967338E+16 2.920326190802E+11 1.477297996597E+15 1.533313142720E+18 6.958727855650E+16 4.717638179999E+02 3.408464356109E+02 4.229575493732E+01 9.534729629235E+04 3.319111253505E+00 4.579403451822E+15
6.666100000000E+02 3.255102040816E-02 1.200000000000E-02 8.854477523330E+22 6.430812172063E+21 2.165431911394E+20 1.034714095886E+18 6.192640053330E+15 6.539216060091E+21 4.519102493969E+16 3.145142393532E+11 1.483864321443E+15 1.516188640633E+18 6.795416504048E+16 4.746033610953E+02 3.412765089788E+02 4.230016869251E+01 9.539200479066E+04 3.319483917634E+00 4.710224746173E+15
6.666100000000E+02 3.346938775510E-02 1.200000000000E-02 8.780898918226E+22 6.438397822025E+21 2.164384519614E+20 1.041737708292E+18 6.329547372268E+15 6.671101173224E+21 4.721105263648E+16 3.381112349051E+11 1.490189125256E+15 1.499472425108E+18 6.639435794989E+16 4.774022564036E+02 3.417036644407E+02 4.230473234147E+01 9.543705022350E+04 3.319848275732E+00 4.840906141154E+15
6.666100000000E+02 3.438775510204E-02 1.200000000000E-02 8.709384541786E+22 6.444198437134E+21 2.162099584430E+20 1.048419252101E+18 6.465832890337E+15 6.801133892891E+21 4.926171438134E+16 3.628073953496E+11 1.496212116410E+15 1.483269538918E+18 6.491148306603E+16 4.801537377065E+02 3.421267148028E+02 4.231511074848E+01 9.549241186311E+04 3.320343890300E+00 4.970348897822E+15
6.666100000000E+02 3.530612244898E-02 1.200000000000E-02 8.639372866870E+22 6.448855333255E+21 2.158948300583E+20 1.054848817042E+18 6.602063424737E+15 6.929896781859E+21 5.135651352301E+16 3.887228123370E+11 1.502092987394E+15 1.467276465321E+18 6.348456997925E+16 4.828766152790E+02 3.425484082847E+02 4.232010732491E+01 9.553835610524E+04 3.320697132770E+00 5.100764947186E+15
6.666100000000E+02 3.622448979592E-02 1.200000000000E-02 8.571036574029E+22 6.452192569600E+21 2.154857905665E+20 1.061007329596E+18 6.737971282916E+15 7.057139691032E+21 5.348828975517E+16 4.158360709125E+11 1.507769180679E+15 1.451607814952E+18 6.211805079270E+16 4.855630540353E+02 3.429674203005E+02 4.232515732996E+01 9.558444313305E+04 3.321041502867E+00 5.231066294751E+15
6.666100000000E+02 3.714285714286E-02 1.200000000000E-02 8.505573313270E+22 6.454161296860E+21 2.149971329091E+20 1.066761226455E+18 6.873359113377E+15 7.180559156994E+21 5.561567619252E+16 4.438279369212E+11 1.513073191409E+15 1.436541620663E+18 6.083422987186E+16 4.881637388790E+02 3.433758550267E+02 4.233006289781E+01 9.562962719741E+04 3.321367880390E+00 5.358687104282E+15
6.666100000000E+02 3.806122448980E-02 1.200000000000E-02 8.440462657754E+22 6.455129502757E+21 2.144228864391E+20 1.072416760861E+18 7.008603362541E+15 7.304685150505E+21 5.781615469590E+16 4.733640574673E+11 1.518359751205E+15 1.421479538189E+18 5.957911769194E+16 4.907767354602E+02 3.437889862183E+02 4.233514405092E+01 9.567577700363E+04 3.321693947337E+00 5.488531576667E+15
6.666100000000E+02 3.897959183673E-02 1.200000000000E-02 8.376829311191E+22 6.455024241188E+21 2.137744571870E+20 1.077845359075E+18 7.143554826726E+15 7.427387496319E+21 6.005252992356E+16 5.041711345475E+11 1.523469372492E+15 1.406683441132E+18 5.837439290132E+16 4.933563360362E+02 3.441995494064E+02 4.234021576925E+01 9.572193047150E+04 3.322011065647E+00 5.618252179683E+15
6.666100000000E+02 3.989795918367E-02 1.200000000000E-02 8.314628884682E+22 6.453929704299E+21 2.130583920778E+20 1.083061741582E+18 7.277978913817E+15 7.548660782856E+21 6.232391445960E+16 5.362453835722E+11 1.528415972495E+15 1.392138916826E+18 5.721666477823E+16 4.959028679706E+02 3.446074865894E+02 4.234526250701E+01 9.576804017349E+04 3.322319345503E+00 5.747837224269E+15
6.666100000000E+02 4.081632653061E-02 1.200000000000E-02 8.253776362766E+22 6.451887020521E+21 2.122785818293E+20 1.088073787908E+18 7.412357959668E+15 7.668608846794E+21 6.463125230637E+16 5.696674884759E+11 1.533197820096E+15 1.377829024189E+18 5.610422268747E+16 4.984184897306E+02 3.450130406180E+02 4.235027076907E+01 9.581409984028E+04 3.322618768561E+00 5.877312389887E+15
6.666100000000E+02 4.173469387755E-02 1.200000000000E-02 8.194232453352E+22 6.448970666724E+21 2.114410925465E+20 1.092893917119E+18 7.546468095050E+15 7.787228275236E+21 6.697373603324E+16 6.044379282078E+11 1.537824952450E+15 1.363741663453E+18 5.503364904101E+16 5.009034986186E+02 3.454161592071E+02 4.235522836109E+01 9.586007018465E+04 3.322909481247E+00 6.006667404597E+15
6.666100000000E+02 4.265306122449E-02 1.200000000000E-02 8.135945620978E+22 6.445238896649E+21 2.105506569018E+20 1.097532504344E+18 7.680321420714E+15 7.904551093827E+21 6.935117573192E+16 6.405829583029E+11 1.542305173492E+15 1.349865182786E+18 5.400290371322E+16 5.033587984295E+02 3.458168938239E+02 4.236012494309E+01 9.590592784611E+04 3.323191607914E+00 6.135906896092E+15
6.666100000000E+02 4.357142857143E-02 1.200000000000E-02 8.078868327547E+22 6.440745858325E+21 2.096118181828E+20 1.101998814852E+18 7.813931827689E+15 8.020606401638E+21 7.176333882215E+16 6.781293389819E+11 1.546644535486E+15 1.336189280633E+18 5.300982617434E+16 5.057852008563E+02 3.462152853904E+02 4.236495272249E+01 9.595165373697E+04 3.323465310533E+00 6.265031599111E+15
6.666100000000E+02 4.448979591837E-02 1.200000000000E-02 8.022954518709E+22 6.435538658310E+21 2.086271821965E+20 1.106303500872E+18 7.947386145843E+15 8.135422537971E+21 7.421004043367E+16 7.171059780019E+11 1.550860901653E+15 1.322708089688E+18 5.205247785467E+16 5.081835562881E+02 3.466113987733E+02 4.236971748280E+01 9.599725400251E+04 3.323731045255E+00 6.394041768885E+15
6.666100000000E+02 4.540816326531E-02 1.200000000000E-02 7.968164534800E+22 6.429677659052E+21 2.076058473906E+20 1.110448984582E+18 8.080446948425E+15 8.249024946509E+21 7.669090983815E+16 7.575299235776E+11 1.554924069057E+15 1.309403050805E+18 5.112874111896E+16 5.105543837916E+02 3.470051961124E+02 4.237436949507E+01 9.604263278867E+04 3.323987982758E+00 6.522943000707E+15
6.666100000000E+02 4.632653061224E-02 1.200000000000E-02 7.914453964441E+22 6.423195564036E+21 2.065465282189E+20 1.114448682016E+18 8.213363838878E+15 8.361442897445E+21 7.920590300223E+16 7.994365649182E+11 1.558875212380E+15 1.296276785682E+18 5.023708194834E+16 5.128986557965E+02 3.473967968556E+02 4.237894224519E+01 9.608784846148E+04 3.324237179411E+00 6.651735307476E+15
6.666100000000E+02 4.724489795918E-02 1.200000000000E-02 7.861785354849E+22 6.416138143904E+21 2.054544390980E+20 1.118307666823E+18 8.346068190622E+15 8.472701620395E+21 8.175475506046E+16 8.428500361507E+11 1.562707103889E+15 1.283319365895E+18 4.937578815661E+16 5.152169813761E+02 3.477862119431E+02 4.238342123558E+01 9.613287034207E+04 3.324478592361E+00 6.780420234239E+15
6.666100000000E+02 4.816326530612E-02 1.200000000000E-02 7.810122042612E+22 6.408545046188E+21 2.043329145848E+20 1.122032596263E+18 8.478564965320E+15 8.582825795468E+21 8.433725545995E+16 8.877965720957E+11 1.566424467600E+15 1.270524860893E+18 4.854332498697E+16 5.175100204964E+02 3.481734772780E+02 4.238780003892E+01 9.617768318275E+04 3.324712337726E+00 6.908999842023E+15
6.666100000000E+02 4.908163265306E-02 1.200000000000E-02 7.759429805569E+22 6.400453549977E+21 2.031850883473E+20 1.125629672192E+18 8.610856536224E+15 8.691837951250E+21 8.695316331597E+16 9.343017094274E+11 1.570031757392E+15 1.257888169302E+18 4.773826658657E+16 5.197783781689E+02 3.485586229143E+02 4.239207445067E+01 9.622227544949E+04 3.324938572109E+00 7.037474372566E+15
6.666100000000E+02 5.000000000000E-02 1.200000000000E-02 7.709674117394E+22 6.391898049830E+21 2.020138410255E+20 1.129104760310E+18 8.742955879068E+15 8.799764378579E+21 8.960234670982E+16 9.823937298157E+11 1.573533152689E+15 1.245404297424E+18 4.695924936529E+16 5.220227242980E+02 3.489416931408E+02 4.239624096155E+01 9.626663862227E+04 3.325157458619E+00 7.165848609859E+15
