9.332540000000E+02 5.000000000000E-03 1.200000000000E-02 1.757470816917E+23 4.040467188516E+21 1.146213290721E+20 4.283294021020E+17 1.788871717590E+15 1.883699249360E+21 3.037381208337E+15 4.021627428556E+09 1.066084463893E+15 4.667266698249E+18 3.923152087535E+17 3.718330675590E+02 3.278746582666E+02 4.283401451012E+01 9.542801273082E+04 3.307264965563E+00 7.233897431834E+14
9.332540000000E+02 5.918367346939E-03 1.200000000000E-02 1.723479448179E+23 4.467958341890E+21 1.291674382361E+20 4.837476104462E+17 2.021143121143E+15 2.077908732538E+21 3.486283402958E+15 3.710840020509E+09 1.139899171276E+15 4.287089486629E+18 3.497890875376E+17 3.775722866381E+02 3.285010058211E+02 4.131004349015E+01 9.272531734848E+04 3.272869898217E+00 8.814510618394E+14
9.332540000000E+02 6.836734693878E-03 1.200000000000E-02 1.691314484789E+23 4.798915388395E+21 1.419323620125E+20 5.338897550197E+17 2.229779925558E+15 2.281248575096E+21 4.031174147480E+15 3.957981364817E+09 1.196614039272E+15 4.020818015665E+18 3.197181312559E+17 3.832879674537E+02 3.291391150367E+02 4.053349918916E+01 9.138916385034E+04 3.253335589717E+00 1.032807654390E+15
9.332540000000E+02 7.755102040816E-03 1.200000000000E-02 1.659145091499E+23 5.051606264309E+21 1.530169115966E+20 5.805774377554E+17 2.417100244974E+15 2.507378536617E+21 4.718404939672E+15 4.794625543013E+09 1.238671583155E+15 3.831629208486E+18 2.970203836559E+17 3.893082799186E+02 3.298266462756E+02 4.022672573347E+01 9.085763520524E+04 3.246880940871E+00 1.178171355201E+15
9.332540000000E+02 8.673469387755E-03 1.200000000000E-02 1.628853626845E+23 5.259879347680E+21 1.626261422414E+20 6.233302192255E+17 2.593693893351E+15 2.733429522129E+21 5.474135941000E+15 5.930051707821E+09 1.273499382965E+15 3.680499275224E+18 2.780329705239E+17 3.951926999565E+02 3.305138290925E+02 4.011371515139E+01 9.067599347558E+04 3.245013776074E+00 1.319571824069E+15
9.332540000000E+02 9.591836734694E-03 1.200000000000E-02 1.600314622059E+23 5.440489236430E+21 1.711083993684E+20 6.628891418860E+17 2.764055963101E+15 2.956296814768E+21 6.285379216158E+15 7.308956049673E+09 1.304113513651E+15 3.550983414040E+18 2.613208178332E+17 4.009167124758E+02 3.311965868052E+02 4.006150461765E+01 9.060506671203E+04 3.244549428148E+00 1.459943050079E+15
9.332540000000E+02 1.051020408163E-02 1.200000000000E-02 1.573425081921E+23 5.599492234113E+21 1.785974721608E+20 6.995578451576E+17 2.931076871460E+15 3.174945915284E+21 7.146423649398E+15 8.929239327928E+09 1.331564333468E+15 3.437266768796E+18 2.464127486376E+17 4.064710421757E+02 3.318725244230E+02 4.004082308510E+01 9.059193903495E+04 3.244790490609E+00 1.599608663945E+15
9.332540000000E+02 1.142857142857E-02 1.200000000000E-02 1.548063256334E+23 5.740996534235E+21 1.852037263772E+20 7.336191344180E+17 3.095021496235E+15 3.388900102573E+21 8.053254242117E+15 1.079169931097E+10 1.356550829215E+15 3.335734408620E+18 2.330047268500E+17 4.118556894981E+02 3.325403683240E+02 4.003621969910E+01 9.060858682516E+04 3.245369389041E+00 1.738771166123E+15
9.332540000000E+02 1.234693877551E-02 1.200000000000E-02 1.524091532410E+23 5.867772821676E+21 1.910160952478E+20 7.653306147178E+17 3.256479465153E+15 3.598184306910E+21 9.003836758963E+15 1.290469684325E+10 1.379518060758E+15 3.244048055558E+18 2.208813911398E+17 4.170788934983E+02 3.331999436502E+02 4.004079438513E+01 9.064245581123E+04 3.246124311938E+00 1.877537027442E+15
9.332540000000E+02 1.326530612245E-02 1.200000000000E-02 1.500832847419E+23 5.983107476897E+21 1.961609266558E+20 7.956552328478E+17 3.418618713125E+15 3.808474782421E+21 1.002272981290E+16 1.533740615539E+10 1.401233669670E+15 3.159719725090E+18 2.096751227621E+17 4.222773921091E+02 3.338678442848E+02 4.009564223446E+01 9.076797610025E+04 3.248095889662E+00 2.018082350518E+15
9.332540000000E+02 1.418367346939E-02 1.200000000000E-02 1.479214699344E+23 6.086183536734E+21 2.005941961923E+20 8.233879679313E+17 3.576680898307E+15 4.009687740492E+21 1.106249373936E+16 1.800064597734E+10 1.421077706713E+15 3.082986747578E+18 1.996281334611E+17 4.272233117014E+02 3.345138381990E+02 4.011168354120E+01 9.082373288725E+04 3.249052434576E+00 2.156576936261E+15
9.332540000000E+02 1.510204081633E-02 1.200000000000E-02 1.458648460425E+23 6.179471434911E+21 2.044271417988E+20 8.493694595942E+17 3.733193976774E+15 4.206782906199E+21 1.214330411736E+16 2.095049099375E+10 1.439649121528E+15 3.012140989267E+18 1.904434206335E+17 4.320358903992E+02 3.351522460267E+02 4.012970732318E+01 9.088352821846E+04 3.250021852998E+00 2.294815004392E+15
9.332540000000E+02 1.602040816327E-02 1.200000000000E-02 1.439212272278E+23 6.263025832123E+21 2.076755032433E+20 8.735095172212E+17 3.889008064902E+15 4.398399916979E+21 1.325522376733E+16 2.418731289945E+10 1.456849110500E+15 2.947050302741E+18 1.821028997404E+17 4.366837087630E+02 3.357779632736E+02 4.014888676279E+01 9.094561725741E+04 3.250981342536E+00 2.431466415990E+15
9.332540000000E+02 1.693877551020E-02 1.200000000000E-02 1.420502411713E+23 6.339749865710E+21 2.104563878633E+20 8.964269488099E+17 4.043073427180E+15 4.587719634170E+21 1.441492987346E+16 2.774535850940E+10 1.473282793552E+15 2.885700428053E+18 1.743608053396E+17 4.412509584067E+02 3.364015688236E+02 4.016869264374E+01 9.100939307749E+04 3.251931249570E+00 2.569101462164E+15
9.332540000000E+02 1.785714285714E-02 1.200000000000E-02 1.402606153527E+23 6.409430668255E+21 2.127758880663E+20 9.180128851173E+17 4.196030110247E+15 4.773490189953E+21 1.561389524115E+16 3.162689136459E+10 1.488820614172E+15 2.828186005997E+18 1.672207162154E+17 4.457080266210E+02 3.370184453918E+02 4.018877988845E+01 9.107401580451E+04 3.252860162468E+00 2.706524323630E+15
9.332540000000E+02 1.877551020408E-02 1.200000000000E-02 1.385460830285E+23 6.472732743700E+21 2.146722177686E+20 9.383779325689E+17 4.347979078175E+15 4.955882734539E+21 1.685170997666E+16 3.584457430163E+10 1.503548948000E+15 2.774031471487E+18 1.606204975478E+17 4.500614436765E+02 3.376288742089E+02 4.020892155477E+01 9.113904596616E+04 3.253764525471E+00 2.843748130936E+15
9.332540000000E+02 1.969387755102E-02 1.200000000000E-02 1.369011024962E+23 6.530234023745E+21 2.161804562023E+20 9.576202776626E+17 4.499000407398E+15 5.135050656335E+21 1.812795841653E+16 4.041100274682E+10 1.517540554584E+15 2.722832928846E+18 1.545043049146E+17 4.543170277419E+02 3.382330998919E+02 4.022896537257E+01 9.120418123612E+04 3.254642390912E+00 2.980779741252E+15
9.332540000000E+02 2.061224489796E-02 1.200000000000E-02 1.353225597051E+23 6.582504322528E+21 2.173362262544E+20 9.758186817597E+17 4.648378140212E+15 5.310878043102E+21 1.944042081786E+16 4.532420044361E+10 1.530874073689E+15 2.674249243162E+18 1.488268210642E+17 4.584749328751E+02 3.388306045404E+02 4.024793422056E+01 9.126759209283E+04 3.255471007229E+00 3.117562439351E+15
9.332540000000E+02 2.153061224490E-02 1.200000000000E-02 1.338019813579E+23 6.629885469176E+21 2.181636101324E+20 9.930745122685E+17 4.797757880772E+15 5.484043253147E+21 2.079253420161E+16 5.062564513613E+10 1.543573779767E+15 2.627963657144E+18 1.435378249165E+17 4.625510584593E+02 3.394231908494E+02 4.026753348340E+01 9.133242030743E+04 3.256294540900E+00 3.254249273861E+15
9.332540000000E+02 2.244897959184E-02 1.200000000000E-02 1.323377997575E+23 6.672823662764E+21 2.186931241543E+20 1.009442513854E+18 4.946356366012E+15 5.654345699378E+21 2.218166404771E+16 5.631260780645E+10 1.555698239145E+15 2.583738936474E+18 1.386052700354E+17 4.665431368129E+02 3.400100919443E+02 4.028678831060E+01 9.139683471041E+04 3.257089888642E+00 3.390731510384E+15
9.332540000000E+02 2.336734693878E-02 1.200000000000E-02 1.309270695988E+23 6.711662425451E+21 2.189506464987E+20 1.024979492881E+18 5.094137760814E+15 5.821814533864E+21 2.360665699453E+16 6.239414471151E+10 1.567283061777E+15 2.541373320229E+18 1.339982325252E+17 4.704532457225E+02 3.405911876168E+02 4.030573020535E+01 9.146085662797E+04 3.257858958450E+00 3.526935186566E+15
9.332540000000E+02 2.428571428571E-02 1.200000000000E-02 1.295643615404E+23 6.746792229410E+21 2.189608561145E+20 1.039766942635E+18 5.241366397189E+15 5.986806165714E+21 2.506929360709E+16 6.889205855237E+10 1.578382789362E+15 2.500606097047E+18 1.296805451625E+17 4.742910020154E+02 3.411675198213E+02 4.032427600651E+01 9.152436388352E+04 3.258601271383E+00 3.663073297813E+15
9.332540000000E+02 2.520408163265E-02 1.200000000000E-02 1.282476435561E+23 6.778480518278E+21 2.187457670469E+20 1.053846677404E+18 5.387974831724E+15 6.149306185255E+21 2.656827198749E+16 7.581510211848E+10 1.589021913498E+15 2.461298227927E+18 1.256294480014E+17 4.780571751899E+02 3.417388505360E+02 4.034244532482E+01 9.158735519006E+04 3.259318184258E+00 3.799052479493E+15
9.332540000000E+02 2.612244897959E-02 1.200000000000E-02 1.269741614069E+23 6.806997810602E+21 2.183261944962E+20 1.067266604884E+18 5.533994797694E+15 6.309408633835E+21 2.810325491951E+16 8.317607277380E+10 1.599229753616E+15 2.423301855456E+18 1.218215688947E+17 4.817549731187E+02 3.423053301927E+02 4.036023168414E+01 9.164980401142E+04 3.260010532684E+00 3.934875161054E+15
9.332540000000E+02 2.704081632653E-02 1.200000000000E-02 1.257413802279E+23 6.832591405749E+21 2.177214660069E+20 1.080070514077E+18 5.679456793056E+15 6.467203371178E+21 2.967392340142E+16 9.098783726432E+10 1.609033027048E+15 2.386487939857E+18 1.182369357448E+17 4.853874058061E+02 3.428671054400E+02 4.037763130607E+01 9.171169004233E+04 3.260679154258E+00 4.070545097699E+15
9.332540000000E+02 2.795918367347E-02 1.200000000000E-02 1.245469836687E+23 6.855487088244E+21 2.169495523745E+20 1.092298201714E+18 5.824386718235E+15 6.622773759142E+21 3.127994831127E+16 9.926324439118E+10 1.618455535817E+15 2.350744377321E+18 1.148574865323E+17 4.889572385343E+02 3.434243089425E+02 4.039464415077E+01 9.177300044737E+04 3.261324915443E+00 4.206064467106E+15
9.332540000000E+02 2.887755102041E-02 1.200000000000E-02 1.232973831351E+23 6.876284560852E+21 2.157921290425E+20 1.104378644240E+18 5.976164177757E+15 6.788820242512E+21 3.304776920889E+16 1.085891565051E+11 1.627187340383E+15 2.314088176824E+18 1.114354005399E+17 4.927494989023E+02 3.440217666058E+02 4.039887938766E+01 9.177813945292E+04 3.263460740752E+00 4.345321837311E+15
9.332540000000E+02 2.979591836735E-02 1.200000000000E-02 1.222075813078E+23 6.894602583104E+21 2.147938996185E+20 1.115259638873E+18 6.113385697138E+15 6.935311595418E+21 3.467652551494E+16 1.175104323252E+11 1.635809852334E+15 2.280873847384E+18 1.084956385566E+17 4.960983476829E+02 3.445540751546E+02 4.040374085816E+01 9.181704750843E+04 3.263762085698E+00 4.477818112127E+15
9.332540000000E+02 3.071428571429E-02 1.200000000000E-02 1.211163587951E+23 6.910559661740E+21 2.136094347815E+20 1.125950540327E+18 6.256873673097E+15 7.084756889386E+21 3.639015488548E+16 1.272744306946E+11 1.644205281350E+15 2.247771554421E+18 1.056392339167E+17 4.994967693753E+02 3.450987849407E+02 4.041964985012E+01 9.187690091224E+04 3.264334466846E+00 4.612926780524E+15
9.332540000000E+02 3.163265306122E-02 1.200000000000E-02 1.200559086125E+23 6.924553300144E+21 2.123178277776E+20 1.136194253898E+18 6.399918088999E+15 7.232267248161E+21 3.813793221057E+16 1.375547613701E+11 1.652297159764E+15 2.215419497509E+18 1.029301013134E+17 5.028419257800E+02 3.456393839308E+02 4.043517803159E+01 9.193614360398E+04 3.264887252681E+00 4.747896430607E+15
9.332540000000E+02 3.255102040816E-02 1.200000000000E-02 1.190246174343E+23 6.936732099408E+21 2.109311928799E+20 1.146017157352E+18 6.542544015398E+15 7.377913339708E+21 3.991964149688E+16 1.483649644210E+11 1.660101364965E+15 2.183761060685E+18 1.003571582212E+17 5.061359657894E+02 3.461760008906E+02 4.045033146148E+01 9.199477937777E+04 3.265421220941E+00 4.882736067255E+15
9.332540000000E+02 3.346938775510E-02 1.200000000000E-02 1.180210663293E+23 6.947232159434E+21 2.094608026747E+20 1.155442815780E+18 6.684763975894E+15 7.521750841382E+21 4.173493385458E+16 1.597177873942E+11 1.667632017220E+15 2.152749654123E+18 9.791055603776E+16 5.093806553193E+02 3.467087169243E+02 4.046511211796E+01 9.205280280834E+04 3.265936995003E+00 5.017444358119E+15
9.332540000000E+02 3.438775510204E-02 1.200000000000E-02 1.170438817789E+23 6.956179492635E+21 2.079169549210E+20 1.164493497729E+18 6.826597236489E+15 7.663840309773E+21 4.358356257715E+16 1.716266036052E+11 1.674902608684E+15 2.122343637926E+18 9.558122193847E+16 5.125778288814E+02 3.472376375345E+02 4.047952576410E+01 9.211021753614E+04 3.266435265413E+00 5.152026923879E+15
9.332540000000E+02 3.530612244898E-02 1.200000000000E-02 1.160918523139E+23 6.963689980750E+21 2.063092341257E+20 1.173189183363E+18 6.968051798572E+15 7.804229099988E+21 4.546515297608E+16 1.841039389388E+11 1.681925224531E+15 2.092509234614E+18 9.336105860860E+16 5.157289906353E+02 3.477628258590E+02 4.049357355241E+01 9.216701714242E+04 3.266916562581E+00 5.286480099783E+15
9.332540000000E+02 3.622448979592E-02 1.200000000000E-02 1.151431662685E+23 6.969989487207E+21 2.046081591778E+20 1.181731923587E+18 7.112406076679E+15 7.946078730900E+21 4.742294017664E+16 1.974671855862E+11 1.688858685256E+15 2.062563659557E+18 9.119607564672E+16 5.189051951749E+02 3.482960744207E+02 4.050744483720E+01 9.222424929166E+04 3.267388670336E+00 5.423825297700E+15
9.332540000000E+02 3.714285714286E-02 1.200000000000E-02 1.142378303199E+23 6.974916415514E+21 2.028958543136E+20 1.189771958012E+18 7.253244506723E+15 8.083285535989E+21 4.937180938448E+16 2.111451232234E+11 1.695419169127E+15 2.033776292738E+18 8.917302843378E+16 5.219702801445E+02 3.488143561884E+02 4.052078660764E+01 9.227987013245E+04 3.267837999583E+00 5.558123625268E+15
9.332540000000E+02 3.806122448980E-02 1.200000000000E-02 1.133543088279E+23 6.978705266966E+21 2.011439609028E+20 1.197509965788E+18 7.393749686247E+15 8.218945895285E+21 5.135296120346E+16 2.254330542507E+11 1.701763596507E+15 2.005480450466E+18 8.723848280777E+16 5.249939380114E+02 3.493291707038E+02 4.053378026590E+01 9.233489123640E+04 3.268272152587E+00 5.692306298439E+15
9.332540000000E+02 3.897959183673E-02 1.200000000000E-02 1.125310951989E+23 6.981121103266E+21 1.994290064861E+20 1.204637413209E+18 7.525928651230E+15 8.347083983501E+21 5.327166321004E+16 2.395878767421E+11 1.707621495236E+15 1.979026294899E+18 8.547399583583E+16 5.278406717259E+02 3.498170757046E+02 4.055107796486E+01 9.239621369633E+04 3.268805680790E+00 5.819441338210E+15
9.332540000000E+02 3.989795918367E-02 1.200000000000E-02 1.116882671132E+23 6.982914881936E+21 1.976190767484E+20 1.211822823104E+18 7.665580497638E+15 8.479731189923E+21 5.531311167478E+16 2.550843979485E+11 1.713567718178E+15 1.951668408636E+18 8.369797083001E+16 5.307843887932E+02 3.503248567331E+02 4.056361117266E+01 9.245041322439E+04 3.269216958156E+00 5.953226724749E+15
9.332540000000E+02 4.081632653061E-02 1.200000000000E-02 1.108643079618E+23 6.983800149790E+21 1.957874914225E+20 1.218751559879E+18 7.804836876443E+15 8.611004105106E+21 5.738659686633E+16 2.712281342204E+11 1.719325636022E+15 1.924746102543E+18 8.199436873852E+16 5.336913206187E+02 3.508295319685E+02 4.057596212225E+01 9.250430623275E+04 3.269618435933E+00 6.086912271129E+15
9.332540000000E+02 4.173469387755E-02 1.200000000000E-02 1.100572193621E+23 6.983907321522E+21 1.939393816102E+20 1.225434449123E+18 7.945075850089E+15 8.741080096078E+21 5.949562165599E+16 2.881074322354E+11 1.724906042220E+15 1.898180569021E+18 8.035523336684E+16 5.365668831285E+02 3.513319276668E+02 4.058698716299E+01 9.255587329646E+04 3.269981432116E+00 6.221017951522E+15
9.332540000000E+02 4.265306122449E-02 1.200000000000E-02 1.092703943141E+23 6.983173169021E+21 1.920798906853E+20 1.231868533124E+18 8.083837079075E+15 8.869420821100E+21 6.162820407018E+16 3.055741470292E+11 1.730304286438E+15 1.872158142636E+18 7.878672757977E+16 5.393975000334E+02 3.518295450478E+02 4.059852185747E+01 9.260826108122E+04 3.270352417762E+00 6.354312601972E+15
9.332540000000E+02 4.357142857143E-02 1.200000000000E-02 1.085004165017E+23 6.981723242565E+21 1.902138349183E+20 1.238077103776E+18 8.222327344620E+15 8.996453611731E+21 6.379139555550E+16 3.237277425387E+11 1.735532488525E+15 1.846545182700E+18 7.727866381908E+16 5.421936989631E+02 3.523240838700E+02 4.060974675501E+01 9.266009046381E+04 3.270711226302E+00 6.487495738503E+15
9.332540000000E+02 4.448979591837E-02 1.200000000000E-02 1.077466228850E+23 6.979608898411E+21 1.883436968115E+20 1.244071398353E+18 8.360561183936E+15 9.122208690414E+21 6.598496526055E+16 3.425810273812E+11 1.740601734971E+15 1.821337995984E+18 7.582750572855E+16 5.449564770308E+02 3.528156119282E+02 4.062066136275E+01 9.271135677567E+04 3.271058093184E+00 6.620570303413E+15
9.332540000000E+02 4.540816326531E-02 1.200000000000E-02 1.070083924806E+23 6.976879160243E+21 1.864729142290E+20 1.249860877077E+18 8.498545565010E+15 9.246716934208E+21 6.820867606099E+16 3.621472761730E+11 1.745518239503E+15 1.796530158062E+18 7.443004353300E+16 5.476867506617E+02 3.533041815443E+02 4.063127081995E+01 9.276206574129E+04 3.271393394430E+00 6.753536993006E+15
9.332540000000E+02 4.632653061224E-02 1.200000000000E-02 1.062851150378E+23 6.973579855424E+21 1.846048260725E+20 1.255454376737E+18 8.636290559866E+15 9.370012436641E+21 7.046237023144E+16 3.824405068793E+11 1.750287157020E+15 1.772114317333E+18 7.308326759129E+16 5.503854786285E+02 3.537898535133E+02 4.064158049791E+01 9.281222477900E+04 3.271717502183E+00 6.886400819147E+15
9.332540000000E+02 4.724489795918E-02 1.200000000000E-02 1.055762377540E+23 6.969751576774E+21 1.827413069000E+20 1.260861029294E+18 8.773807397960E+15 9.492121203394E+21 7.274581971675E+16 4.034737597460E+11 1.754916847843E+15 1.748088238075E+18 7.178439469311E+16 5.530535066730E+02 3.542726941584E+02 4.065159397530E+01 9.286183703522E+04 3.272030710267E+00 7.019162588490E+15
9.332540000000E+02 4.816326530612E-02 1.200000000000E-02 1.048812289458E+23 6.965434519102E+21 1.808855950579E+20 1.266088164224E+18 8.911099372900E+15 9.613072884825E+21 7.505883068516E+16 4.252607932599E+11 1.759410396300E+15 1.724444871811E+18 7.053087289984E+16 5.556916504467E+02 3.547527373460E+02 4.066131662377E+01 9.291090966701E+04 3.272333366503E+00 7.151824271856E+15
9.332540000000E+02 4.908163265306E-02 1.200000000000E-02 1.041995943438E+23 6.960663531805E+21 1.790390347840E+20 1.271144012170E+18 9.048175942830E+15 9.732890658499E+21 7.740118104915E+16 4.478144381624E+11 1.763775430665E+15 1.701182885748E+18 6.932029678956E+16 5.583006816248E+02 3.552300420790E+02 4.067075067253E+01 9.295944364192E+04 3.272625703722E+00 7.284386776559E+15
9.332540000000E+02 5.000000000000E-02 1.200000000000E-02 1.035308390078E+23 6.955473067496E+21 1.772045144104E+20 1.276034912903E+18 9.185044480583E+15 9.851605813399E+21 7.977274955491E+16 4.711495773192E+11 1.768014172413E+15 1.678294580086E+18 6.815043832200E+16 5.608814114839E+02 3.557046581446E+02 4.067990536910E+01 9.300745435261E+04 3.272908146651E+00 7.416854337932E+15
