3.999660000000E+02 5.000000000000E-03 1.200000000000E-02 7.853096284384E+22 3.184518502315E+21 6.361502954731E+19 4.064388594012E+17 1.458688344652E+15 1.146221644674E+21 4.759928225774E+15 3.264387333052E+10 8.275311086647E+14 1.498353112396E+18 8.572405933291E+16 3.493431874035E+02 3.255640111477E+02 5.086789709630E+01 1.092849461910E+05 3.493409372573E+00 6.311935019350E+14
3.999660000000E+02 5.918367346939E-03 1.200000000000E-02 7.710305587153E+22 3.413831189501E+21 7.260373644596E+19 4.518016771762E+17 1.611968804258E+15 1.336015522632E+21 5.856758276238E+15 4.501786674450E+10 8.616624180922E+14 1.444218740416E+18 8.368237325197E+16 3.536065872893E+02 3.259871415404E+02 5.060516644641E+01 1.088146444704E+05 3.492180492099E+00 7.503546514754E+14
3.999660000000E+02 6.836734693878E-03 1.200000000000E-02 7.579554544178E+22 3.605063784334E+21 8.084955894215E+19 4.914209654008E+17 1.761314882656E+15 1.518317628284E+21 6.996576842248E+15 5.907212632221E+10 8.912948280974E+14 1.398302843693E+18 8.147154235155E+16 3.576479224933E+02 3.263960024895E+02 5.034366911598E+01 1.084012957355E+05 3.488859673524E+00 8.700835301882E+14
3.999660000000E+02 7.755102040816E-03 1.200000000000E-02 7.457437212755E+22 3.769498023541E+21 8.848692135321E+19 5.266845183236E+17 1.908290662257E+15 1.695088109245E+21 8.183838985988E+15 7.481874968801E+10 9.178900096894E+14 1.358254809782E+18 7.913260836972E+16 3.615415955173E+02 3.267970558706E+02 5.009672325381E+01 1.080144853829E+05 3.485615302745E+00 9.904818223387E+14
3.999660000000E+02 8.673469387755E-03 1.200000000000E-02 7.342851893125E+22 3.912900529283E+21 9.558772605237E+19 5.582972588411E+17 2.053574664819E+15 1.866615516762E+21 9.415202951637E+15 9.214426678210E+10 9.421188414392E+14 1.322670046693E+18 7.674773235477E+16 3.652973947011E+02 3.271905259456E+02 4.985943787933E+01 1.076453606585E+05 3.482385399642E+00 1.111556983235E+15
3.999660000000E+02 9.591836734694E-03 1.200000000000E-02 7.234807293136E+22 4.039455562517E+21 1.022191411049E+20 5.868416607476E+17 2.197736383112E+15 2.033371153929E+21 1.068953618856E+16 1.109730277364E+11 9.644544128870E+14 1.290577311354E+18 7.436982405719E+16 3.689284057956E+02 3.275770891102E+02 4.962969902633E+01 1.072899814120E+05 3.479156299729E+00 1.233405283295E+15
3.999660000000E+02 1.051020408163E-02 1.200000000000E-02 7.132759415932E+22 4.151920018929E+21 1.084209044666E+20 6.127131760306E+17 2.340809271240E+15 2.195372322956E+21 1.200287760670E+16 1.311942632814E+11 9.851791075893E+14 1.261372165621E+18 7.203884883242E+16 3.724373802544E+02 3.279564092611E+02 4.940732312299E+01 1.069477063783E+05 3.475943540199E+00 1.355778513113E+15
3.999660000000E+02 1.142857142857E-02 1.200000000000E-02 7.035986891064E+22 4.252679891349E+21 1.142431902534E+20 6.363036150021E+17 2.483147830904E+15 2.353073629056E+21 1.335514500724E+16 1.527575482257E+11 1.004557880375E+15 1.234538877922E+18 6.977454843651E+16 3.758363248116E+02 3.283292133792E+02 4.919169739486E+01 1.066173371957E+05 3.472753190744E+00 1.478765563165E+15
3.999660000000E+02 1.234693877551E-02 1.200000000000E-02 6.943965897024E+22 4.343474210948E+21 1.197229249229E+20 6.579101000599E+17 2.624902761840E+15 2.506755766840E+21 1.474545652666E+16 1.756115632032E+11 1.022773293002E+15 1.209713653026E+18 6.759008016811E+16 3.791331334134E+02 3.286958625715E+02 4.898278908935E+01 1.062986874970E+05 3.469598627761E+00 1.602333965314E+15
3.999660000000E+02 1.326530612245E-02 1.200000000000E-02 6.856224303515E+22 4.425666443090E+21 1.248918317500E+20 6.777813067442E+17 2.766185777293E+15 2.656731354384E+21 1.617365326047E+16 1.997312411002E+11 1.039964498056E+15 1.186617164075E+18 6.549240881521E+16 3.823359694294E+02 3.290568129271E+02 4.878240170207E+01 1.059947627191E+05 3.466531372228E+00 1.726447660326E+15
3.999660000000E+02 1.418367346939E-02 1.200000000000E-02 6.772396315203E+22 4.500339300700E+21 1.297758230901E+20 6.961138574169E+17 2.907040920640E+15 2.803202528304E+21 1.763904595034E+16 2.250986404827E+11 1.056235511041E+15 1.165025549966E+18 6.348484850430E+16 3.854506119027E+02 3.294123086255E+02 4.858853493513E+01 1.057020848753E+05 3.463517085147E+00 1.851057033651E+15
3.999660000000E+02 1.510204081633E-02 1.200000000000E-02 6.692121217619E+22 4.568370159640E+21 1.343978875259E+20 7.130792569444E+17 3.047507159137E+15 2.946449198238E+21 1.914196448652E+16 2.517328431798E+11 1.071667601121E+15 1.144760664443E+18 6.156762694317E+16 3.884840445305E+02 3.297627792222E+02 4.840254426438E+01 1.054229528606E+05 3.460594266145E+00 1.976115415502E+15
3.999660000000E+02 1.602040816327E-02 1.200000000000E-02 6.615093709515E+22 4.630472800884E+21 1.387771923824E+20 7.288182626108E+17 3.187585671303E+15 3.086710262182E+21 2.068271205586E+16 2.796728983245E+11 1.086322046729E+15 1.125676586608E+18 5.973940529866E+16 3.914422197053E+02 3.301085822896E+02 4.822480856471E+01 1.051580127649E+05 3.457778852269E+00 2.101563449399E+15
3.999660000000E+02 1.693877551020E-02 1.200000000000E-02 6.541042135146E+22 4.687239162422E+21 1.429301578402E+20 7.434495839171E+17 3.327260378756E+15 3.224213779185E+21 2.226178990909E+16 3.089817860697E+11 1.100246481096E+15 1.107651557682E+18 5.799752149853E+16 3.943306803467E+02 3.304500678634E+02 4.805564767673E+01 1.049078255298E+05 3.455084737277E+00 2.227338494700E+15
3.999660000000E+02 1.785714285714E-02 1.200000000000E-02 6.469725577810E+22 4.739165914389E+21 1.468708369128E+20 7.570739252411E+17 3.466501233551E+15 3.359172461847E+21 2.387981560695E+16 3.397437176119E+11 1.113478658342E+15 1.090582926276E+18 5.633869086272E+16 3.971545035211E+02 3.307875669737E+02 4.789531552300E+01 1.046728493282E+05 3.452523739985E+00 2.353373675270E+15
3.999660000000E+02 1.877551020408E-02 1.200000000000E-02 6.400935864070E+22 4.786683879208E+21 1.506116926808E+20 7.697769936255E+17 3.605284710747E+15 3.491764797613E+21 2.553731395457E+16 3.720573645834E+11 1.126051119562E+15 1.074380134219E+18 5.475910362075E+16 3.999180409502E+02 3.311213552412E+02 4.774305681224E+01 1.044518094276E+05 3.450084369121E+00 2.479614996684E+15
3.999660000000E+02 1.969387755102E-02 1.200000000000E-02 6.334697903051E+22 4.830326974755E+21 1.541623452905E+20 7.816654791013E+17 3.741320506035E+15 3.621584067484E+21 2.722756155618E+16 4.055249413363E+11 1.138108642688E+15 1.058980146704E+18 5.325530317342E+16 4.026157582271E+02 3.314505211997E+02 4.759599525520E+01 1.042395573341E+05 3.447705822523E+00 2.605979547503E+15
3.999660000000E+02 2.061224489796E-02 1.200000000000E-02 6.269873559231E+22 4.869912393229E+21 1.575431606275E+20 7.927356646659E+17 3.882558186023E+15 3.751298348226E+21 2.898319650263E+16 4.421702752141E+11 1.149304182811E+15 1.044245820247E+18 5.181721528037E+16 4.052945219824E+02 3.317806326729E+02 4.747016082494E+01 1.040646389257E+05 3.445761616060E+00 2.732751703983E+15
3.999660000000E+02 2.153061224490E-02 1.200000000000E-02 6.205321502101E+22 4.909826724555E+21 1.609951509090E+20 8.036173764643E+17 4.027821905195E+15 3.881140915814E+21 3.082697140796E+16 4.806973420661E+11 1.161048845409E+15 1.028992065488E+18 5.037054141125E+16 4.079904917846E+02 3.321161044655E+02 4.718507890569E+01 1.036161354194E+05 3.440167847978E+00 2.869535106222E+15
3.999660000000E+02 2.244897959184E-02 1.200000000000E-02 6.145030003199E+22 4.942748702142E+21 1.640248187468E+20 8.132646417120E+17 4.164842748942E+15 4.005755675057E+21 3.265068882918E+16 5.205927153663E+11 1.171193112655E+15 1.015628019399E+18 4.907276050153E+16 4.105481582055E+02 3.324374142633E+02 4.707008579326E+01 1.034595050567E+05 3.438360687540E+00 2.996070459966E+15
3.999660000000E+02 2.336734693878E-02 1.200000000000E-02 6.086487078301E+22 4.972742645068E+21 1.668981327790E+20 8.222986695851E+17 4.301205453691E+15 4.128732549474E+21 3.451705366080E+16 5.626783277761E+11 1.180812502260E+15 1.002826778928E+18 4.783394657835E+16 4.130629077607E+02 3.327562024858E+02 4.696322660114E+01 1.033170603189E+05 3.436699460102E+00 3.122530632761E+15
3.999660000000E+02 2.428571428571E-02 1.200000000000E-02 6.031536955335E+22 4.996779955956E+21 1.693752293201E+20 8.303409655344E+17 4.427566579829E+15 4.247431749984E+21 3.636147593294E+16 6.060158317980E+11 1.189026654803E+15 9.917062720795E+17 4.671953605246E+16 4.154578677655E+02 3.330624776568E+02 4.702494120055E+01 1.034647139793E+05 3.438856987035E+00 3.237794798881E+15
3.999660000000E+02 2.520408163265E-02 1.200000000000E-02 5.975955069607E+22 5.021661485714E+21 1.719613627527E+20 8.383172021299E+17 4.562848131307E+15 4.367884324225E+21 3.831862639772E+16 6.529511210424E+11 1.197700975398E+15 9.798610097027E+17 4.558253933885E+16 4.179025342453E+02 3.333777378417E+02 4.693372275799E+01 1.033498908815E+05 3.437498599896E+00 3.363993602353E+15
3.999660000000E+02 2.612244897959E-02 1.200000000000E-02 5.921829883578E+22 5.044184193288E+21 1.744094483915E+20 8.458017058201E+17 4.697558049121E+15 4.486956451215E+21 4.032017560645E+16 7.024718789632E+11 1.205928235109E+15 9.684629700124E+17 4.449448608957E+16 4.203109429966E+02 3.336909435329E+02 4.684947678031E+01 1.032472854827E+05 3.436268797941E+00 3.490060300324E+15
3.999660000000E+02 2.704081632653E-02 1.200000000000E-02 5.869087579471E+22 5.064512418260E+21 1.767250150513E+20 8.528296301264E+17 4.831705993176E+15 4.604693386299E+21 4.236617410134E+16 7.546877154851E+11 1.213734862342E+15 9.574804643898E+17 4.345249185563E+16 4.226845624845E+02 3.340021676932E+02 4.677164679318E+01 1.031559364157E+05 3.435157356493E+00 3.615977774589E+15
3.999660000000E+02 2.795918367347E-02 1.200000000000E-02 5.817657249250E+22 5.082797975325E+21 1.789134614421E+20 8.594341198947E+17 4.965310914082E+15 4.721142178055E+21 4.445676383969E+16 8.097064389984E+11 1.221147043464E+15 9.468840890118E+17 4.245377494353E+16 4.250248858055E+02 3.343114946667E+02 4.669975603772E+01 1.030750199711E+05 3.434155674119E+00 3.741740421573E+15
3.999660000000E+02 2.887755102041E-02 1.200000000000E-02 5.767474315573E+22 5.099180587094E+21 1.809799669966E+20 8.656458771277E+17 5.098394206731E+15 4.836342852342E+21 4.659203797958E+16 8.676310506020E+11 1.228190053566E+15 9.366469171526E+17 4.149578249542E+16 4.273332612366E+02 3.346189974096E+02 4.663331880230E+01 1.030036941322E+05 3.433254685570E+00 3.867347790906E+15
3.999660000000E+02 2.979591836735E-02 1.200000000000E-02 5.718840108183E+22 5.114075854901E+21 1.829356837247E+20 8.715507876238E+17 5.226910432942E+15 4.949219694361E+21 4.875331173245E+16 9.269815617282E+11 1.235061733531E+15 9.267630471202E+17 4.057878525531E+16 4.295931574768E+02 3.349223401591E+02 4.656530383253E+01 1.029293237981E+05 3.432289965512E+00 3.992782704263E+15
3.999660000000E+02 3.071428571429E-02 1.200000000000E-02 5.671031243874E+22 5.127054570585E+21 1.847737557039E+20 8.770645483216E+17 5.358503769431E+15 5.061862074476E+21 5.097474733791E+16 9.907366000454E+11 1.241451602852E+15 9.171774833990E+17 3.969590243134E+16 4.318385540690E+02 3.352259982077E+02 4.650766702745E+01 1.028734463391E+05 3.431546129949E+00 4.118051151148E+15
3.999660000000E+02 3.163265306122E-02 1.200000000000E-02 5.624315817103E+22 5.138482780532E+21 1.865039010486E+20 8.822629825259E+17 5.489623116577E+15 5.173322566092E+21 5.324028111487E+16 1.057652468430E+12 1.247538192142E+15 9.078851860079E+17 3.884725612721E+16 4.340548997539E+02 3.355279300000E+02 4.645412802459E+01 1.028247858800E+05 3.430876578114E+00 4.243152177677E+15
3.999660000000E+02 3.255102040816E-02 1.200000000000E-02 5.576891618946E+22 5.148634079023E+21 1.881747823887E+20 8.873535395426E+17 5.624197044472E+15 5.288041575290E+21 5.563980576714E+16 1.130467886976E+12 1.253526086834E+15 8.985889283740E+17 3.800175334787E+16 4.363280565771E+02 3.358398758259E+02 4.641592957922E+01 1.028045593068E+05 3.430570532014E+00 4.372071378713E+15
3.999660000000E+02 3.346938775510E-02 1.200000000000E-02 5.532367606520E+22 5.157177649251E+21 1.896938735182E+20 8.919657008474E+17 5.754059588367E+15 5.396919656033E+21 5.798937310600E+16 1.203909293324E+12 1.259039750552E+15 8.898593981865E+17 3.721903267536E+16 4.384830614892E+02 3.361377242690E+02 4.637008455023E+01 1.027693498873E+05 3.430041030093E+00 4.496500665508E+15
3.999660000000E+02 3.438775510204E-02 1.200000000000E-02 5.488802636533E+22 5.164455508583E+21 1.911180340623E+20 8.963259503408E+17 5.883517078317E+15 5.504683643301E+21 6.038247365411E+16 1.280754515982E+12 1.264306776715E+15 8.813695472786E+17 3.646496438978E+16 4.406117676251E+02 3.364339616821E+02 4.632729064869E+01 1.027395178559E+05 3.429565405595E+00 4.620776847496E+15
3.999660000000E+02 3.530612244898E-02 1.200000000000E-02 5.446161064143E+22 5.170544748780E+21 1.924509871680E+20 9.004513840319E+17 6.012586920819E+15 5.611347610693E+21 6.281888977181E+16 1.361083069072E+12 1.269342551730E+15 8.731052709369E+17 3.573849729777E+16 4.427148652738E+02 3.367286082432E+02 4.628726670520E+01 1.027145655869E+05 3.429138103340E+00 4.744902021663E+15
3.999660000000E+02 3.622448979592E-02 1.200000000000E-02 5.404408018047E+22 5.175516788072E+21 1.936963444415E+20 9.043578583801E+17 6.141289480027E+15 5.716928459209E+21 6.529847565986E+16 1.444975985664E+12 1.274161342992E+15 8.650531297683E+17 3.503780109103E+16 4.447930756858E+02 3.370216920811E+02 4.624975809434E+01 1.026940429401E+05 3.428754104667E+00 4.868882381640E+15
3.999660000000E+02 3.714285714286E-02 1.200000000000E-02 5.363511966050E+22 5.179437674151E+21 1.948575320133E+20 9.080599006934E+17 6.269639895457E+15 5.821439003706E+21 6.782099986720E+16 1.532510633539E+12 1.278776233495E+15 8.572010788292E+17 3.436173123108E+16 4.468470184731E+02 3.373132305018E+02 4.621453666789E+01 1.026775442848E+05 3.428408906950E+00 4.992720091356E+15
3.999660000000E+02 3.806122448980E-02 1.200000000000E-02 5.323443096583E+22 5.182368743235E+21 1.959378432933E+20 9.115709187977E+17 6.397652225868E+15 5.924891748961E+21 7.038622526926E+16 1.623763430409E+12 1.283199286672E+15 8.495379463544E+17 3.370908319196E+16 4.488772852532E+02 3.376032399726E+02 4.618139720783E+01 1.026647039378E+05 3.428098468418E+00 5.116417265400E+15
3.999660000000E+02 3.897959183673E-02 1.200000000000E-02 5.284171893846E+22 5.184367119373E+21 1.969404778752E+20 9.149034055411E+17 6.525343710692E+15 6.027302314972E+21 7.299399651103E+16 1.718813147975E+12 1.287441778689E+15 8.420531387349E+17 3.307870795387E+16 4.508845078402E+02 3.378917457615E+02 4.615015409160E+01 1.026551919036E+05 3.427819154319E+00 5.239979986406E+15
3.999660000000E+02 3.989795918367E-02 1.200000000000E-02 5.245671608465E+22 5.185485914810E+21 1.978684776349E+20 9.180687963366E+17 6.652726470022E+15 6.128682791397E+21 7.564407441883E+16 1.817735099127E+12 1.291513987059E+15 8.347370656186E+17 3.246954821760E+16 4.528692286586E+02 3.381787632482E+02 4.612064153775E+01 1.026487114471E+05 3.427567720821E+00 5.363410228090E+15
3.999660000000E+02 4.081632653061E-02 1.200000000000E-02 5.207916394152E+22 5.185774719652E+21 1.987247806805E+20 9.210777016456E+17 6.779813141208E+15 6.229046289729E+21 7.833624781965E+16 1.920605165649E+12 1.295425456306E+15 8.275807390389E+17 3.188060425561E+16 4.548319910439E+02 3.384643106431E+02 4.609271009446E+01 1.026449949720E+05 3.427341260229E+00 5.486711223832E+15
3.999660000000E+02 4.173469387755E-02 1.200000000000E-02 5.170883999595E+22 5.185279931856E+21 1.995121661382E+20 9.239397605324E+17 6.906607392801E+15 6.328399508172E+21 8.107012984410E+16 2.027491917559E+12 1.299184778666E+15 8.205762447487E+17 3.131097209245E+16 4.567731947933E+02 3.387483877315E+02 4.606622706266E+01 1.026438014202E+05 3.427137185673E+00 5.609878200463E+15
3.999660000000E+02 4.265306122449E-02 1.200000000000E-02 5.134729683141E+22 5.184051929024E+21 2.002298155104E+20 9.266510033335E+17 7.032474573180E+15 6.426270460673E+21 8.383159370748E+16 2.137902629010E+12 1.302782485206E+15 8.137499481278E+17 3.076239106386E+16 4.586838598996E+02 3.390296119114E+02 4.604127817770E+01 1.026450498216E+05 3.426956101428E+00 5.732294863742E+15
3.999660000000E+02 4.357142857143E-02 1.200000000000E-02 5.099067352096E+22 5.182120953869E+21 2.008878178886E+20 9.292468698565E+17 7.158725892371E+15 6.523654646363E+21 8.664824760255E+16 2.253033196984E+12 1.306262439009E+15 8.070251014470E+17 3.022875523281E+16 4.605836965983E+02 3.393108300488E+02 4.601733678958E+01 1.026482668032E+05 3.426790061726E+00 5.855211928938E+15
3.999660000000E+02 4.448979591837E-02 1.200000000000E-02 5.064076814375E+22 5.179529969193E+21 2.014845075482E+20 9.317200991399E+17 7.284654894237E+15 6.620022623662E+21 8.950461556479E+16 2.372345789017E+12 1.309611484720E+15 8.004333526261E+17 2.971202235832E+16 4.624625646386E+02 3.395904997066E+02 4.599453329147E+01 1.026534252073E+05 3.426640385974E+00 5.977945189796E+15
3.999660000000E+02 4.540816326531E-02 1.200000000000E-02 5.029720358963E+22 5.176314252288E+21 2.020226654233E+20 9.340792157354E+17 7.410332591441E+15 6.715434064744E+21 9.240182645564E+16 2.495968848386E+12 1.312837881348E+15 7.939651174854E+17 2.921136414981E+16 4.643218356146E+02 3.398687731354E+02 4.597276012370E+01 1.026603532540E+05 3.426505153773E+00 6.100556867279E+15
3.999660000000E+02 4.632653061224E-02 1.200000000000E-02 4.995977050224E+22 5.172507471114E+21 2.025046622611E+20 9.363310444858E+17 7.535772599692E+15 6.809905608119E+21 9.533979063882E+16 2.623981417932E+12 1.315947835878E+15 7.876142176685E+17 2.872597780350E+16 4.661620255667E+02 3.401456786126E+02 4.595193553644E+01 1.026689046785E+05 3.426382852245E+00 6.223054513824E+15
3.999660000000E+02 4.724489795918E-02 1.200000000000E-02 4.962828670941E+22 5.168141514777E+21 2.029327534735E+20 9.384818073954E+17 7.660981088179E+15 6.903448616988E+21 9.831826404193E+16 2.756455832121E+12 1.318946960378E+15 7.813752513014E+17 2.825535547754E+16 4.679835346511E+02 3.404212290673E+02 4.593198699305E+01 1.026789470927E+05 3.426272141443E+00 6.345438871430E+15
3.999660000000E+02 4.816326530612E-02 1.200000000000E-02 4.930292962408E+22 5.163260747667E+21 2.033098366962E+20 9.405344529869E+17 7.785965636844E+15 6.995963629414E+21 1.013338701322E+17 2.893361063049E+12 1.321838540827E+15 7.752464011236E+17 2.779916022074E+16 4.697847985261E+02 3.406951392760E+02 4.591223471812E+01 1.026892426097E+05 3.426156325050E+00 6.467655815181E+15
3.999660000000E+02 4.908163265306E-02 1.200000000000E-02 4.898266874244E+22 5.157863536881E+21 2.036368648792E+20 9.425009865057E+17 7.910803784622E+15 7.087727581950E+21 1.043940940601E+17 3.035046865625E+12 1.324632833993E+15 7.692131352877E+17 2.735575565630E+16 4.715709736069E+02 3.409681509763E+02 4.589378459816E+01 1.027018296412E+05 3.426063924654E+00 6.589882589156E+15
3.999660000000E+02 5.000000000000E-02 1.200000000000E-02 4.866795534191E+22 5.151994101241E+21 2.039161726592E+20 9.443820062624E+17 8.035388527121E+15 7.178568282622E+21 1.074931773614E+17 3.181368988557E+12 1.327330118694E+15 7.632794216851E+17 2.692540406653E+16 4.733390377640E+02 3.412397614849E+02 4.587603657315E+01 1.027155743692E+05 3.425979890816E+00 6.711960579339E+15
