EXCITATION
He <-> He(2S3)
 19.8196  3
SPECIES: e / He
PROCESS: E + He <-> E + He(2S3), Excitation
PARAM.:  E = 19.8196 eV, g1/g0 = 3.000000, complete set
COMMENT: [e + He(1S1) <-> e + He(2S3), Excitation]
COLUMNS: Energy (eV) | Cross section (m2)
-----------------------------
 1.981960e+01	0.000000e+00
 1.9819618046e+01	5.6275954251e-27
 1.9819627069e+01	8.4413779716e-27
 1.9819631580e+01	9.8482654526e-27
 1.9819624061e+01	7.5034515781e-27
 1.9819633084e+01	1.0317227384e-26
 1.9819637595e+01	1.1724111496e-26
 1.9819642107e+01	1.3130993079e-26
 1.9819644112e+01	1.3756272972e-26
 1.9819650127e+01	1.5632109654e-26
 1.9819656143e+01	1.7507941841e-26
 1.9819658816e+01	1.8341643594e-26
 1.9819666836e+01	2.0842743526e-26
 1.9819674857e+01	2.3343835468e-26
 1.9819678421e+01	2.4455429323e-26
 1.9819689115e+01	2.7790201420e-26
 1.9819699809e+01	3.1124959314e-26
 1.9819704562e+01	3.2607069375e-26
 1.9819718820e+01	3.7053382727e-26
 1.9819733079e+01	4.1499670831e-26
 1.9819739416e+01	4.3475790774e-26
 1.9819758427e+01	4.9404120678e-26
 1.9819777438e+01	5.5332405699e-26
 1.9819785888e+01	5.7967184635e-26
 1.9819811236e+01	6.5871468247e-26
 1.9819836584e+01	7.3775672068e-26
 1.9819847850e+01	7.7288625933e-26
 1.9819881648e+01	8.7827392958e-26
 1.9819915446e+01	9.8366018135e-26
 1.9819930467e+01	1.0304980602e-25
 1.9819975531e+01	1.1710100155e-25
 1.9820020594e+01	1.3115194491e-25
 1.9820040622e+01	1.3739672769e-25
 1.9820100707e+01	1.5613077717e-25
 1.9820160792e+01	1.7486437838e-25
 1.9820187497e+01	1.8319027947e-25
 1.9820267610e+01	2.0816745149e-25
 1.9820347723e+01	2.3314382662e-25
 1.9820383329e+01	2.4424418201e-25
 1.9820490146e+01	2.7754430378e-25
 1.9820596964e+01	3.1084300899e-25
 1.9820644438e+01	3.2564197885e-25
 1.9820786862e+01	3.7003720965e-25
 1.9820929285e+01	4.1442992242e-25
 1.9820992585e+01	4.3415920876e-25
 1.9821182482e+01	4.9334408370e-25
 1.9821372380e+01	5.5252448280e-25
 1.9821456779e+01	5.7882544579e-25
 1.9821709977e+01	6.5772303069e-25
 1.9821963174e+01	7.3661266011e-25
 1.9822075706e+01	7.7167216420e-25
 1.9822413302e+01	8.7684124932e-25
 1.9822750898e+01	9.8199619507e-25
 1.9822900941e+01	1.0287271884e-24
 1.9823351070e+01	1.1689034144e-24
 1.9823801198e+01	1.3090545126e-24
 1.9824001255e+01	1.3713358249e-24
 1.9824601426e+01	1.5581499896e-24
 1.9825201597e+01	1.7449195036e-24
 1.9825468340e+01	1.8279138468e-24
 1.9826268568e+01	2.0768439777e-24
 1.9827068796e+01	2.3256947793e-24
 1.9827424453e+01	2.4362696780e-24
 1.9828491424e+01	2.7679004033e-24
 1.9829558395e+01	3.0993902161e-24
 1.9830032604e+01	3.2466738054e-24
 1.9831455232e+01	3.6883576823e-24
 1.9832877860e+01	4.1297913267e-24
 1.9833510139e+01	4.3259037709e-24
 1.9835406977e+01	4.9139448069e-24
 1.9837303814e+01	5.5015416442e-24
 1.9837364081e+01	5.5202037361e-24
 1.9840584738e+01	6.5168492662e-24
 1.9841246121e+01	6.7213588621e-24
 1.9843805395e+01	7.5122167028e-24
 1.9845791627e+01	8.1254397578e-24
 1.9847777859e+01	8.7381776523e-24
 1.9851104023e+01	9.7631890079e-24
 1.9854430188e+01	1.0786842527e-23
 1.9858434206e+01	1.2017312394e-23
 1.9861144203e+01	1.2849004454e-23
 1.9866564197e+01	1.4509695571e-23
 1.9871984190e+01	1.6166802090e-23
 1.9883335051e+01	1.9625626931e-23
 1.9883204375e+01	1.9585896521e-23
 1.9894819631e+01	2.3109298586e-23
 1.9894685911e+01	2.3068828534e-23
 1.9906571721e+01	2.6657630363e-23
 1.9906434887e+01	2.6616411353e-23
 1.9918597553e+01	3.0271427302e-23
 1.9930760219e+01	3.3908740726e-23
 1.9943349473e+01	3.7655068635e-23
 1.9956231968e+01	4.1469207584e-23
 1.9969414536e+01	4.5351918284e-23
 1.9982904165e+01	4.9303947031e-23
 1.9996708007e+01	5.3326024277e-23
 2.0010833383e+01	5.7418863126e-23
 2.0025287780e+01	6.1583157780e-23
 2.0040078864e+01	6.5819581916e-23
 2.0055214477e+01	7.0128786999e-23
 2.0070702643e+01	7.4511400538e-23
 2.0103525312e+01	8.3709633223e-23
 2.0136347981e+01	9.2787547224e-23
 2.0171508784e+01	1.0238030909e-22
 2.0208326664e+01	1.1228090700e-22
 2.0246879717e+01	1.2249208328e-22
 2.0287249720e+01	1.3301585666e-22
 2.0329522302e+01	1.4385344098e-22
 2.0373787129e+01	1.5500515962e-22
 2.0420138094e+01	1.6647035570e-22
 2.0468673512e+01	1.7824729828e-22
 2.0519496335e+01	1.9033308487e-22
 2.0572714363e+01	2.0272354059e-22
 2.0628440479e+01	2.1541311443e-22
 2.0753657753e+01	2.4289382081e-22
 2.0878875028e+01	2.6899743324e-22
 2.1022491380e+01	2.9732084667e-22
 2.1179963579e+01	3.2649299207e-22
 2.1352628412e+01	3.5634135410e-22
 2.1541951636e+01	3.8665538782e-22
 2.1749540423e+01	4.1718456283e-22
 2.1977157003e+01	4.4763738613e-22
 2.2226733619e+01	4.7768170614e-22
 2.2500388937e+01	5.0694661095e-22
 2.3129452082e+01	5.6148565206e-22
 2.3885752329e+01	6.0771161183e-22
 2.4795025217e+01	6.4194079792e-22
 2.7202510868e+01	6.6174622067e-22
 2.8782646047e+01	6.4364369129e-22
 3.0682386375e+01	6.0710963181e-22
 3.1771827818e+01	5.8264207784e-22
 3.2966376607e+01	5.5463987027e-22
 3.4276173307e+01	5.2366489672e-22
 3.5712336831e+01	4.9034400373e-22
 3.7287058821e+01	4.5534386501e-22
 3.9013707147e+01	4.1934414114e-22
 4.0998267206e+01	3.8134238326e-22
 4.2982827264e+01	3.4697115080e-22
 4.4094709463e+01	3.2924170379e-22
 4.5258993056e+01	3.1179289132e-22
 4.6478147644e+01	2.9468358975e-22
 4.7754759217e+01	2.7796715483e-22
 4.9091535641e+01	2.6169120500e-22
 5.0491312396e+01	2.4589749284e-22
 5.1957058597e+01	2.3062186156e-22
 5.3491883289e+01	2.1589428174e-22
 5.5099042040e+01	2.0173896241e-22
 5.6781943849e+01	1.8817452912e-22
 5.8544158377e+01	1.7521426111e-22
 6.0389423517e+01	1.6286637883e-22
 6.2321653324e+01	1.5113437289e-22
 6.4344946317e+01	1.4001736564e-22
 6.6463594170e+01	1.2951049618e-22
 6.8682090820e+01	1.1960532072e-22
 7.1005141997e+01	1.1029022009e-22
 7.3437675202e+01	1.0155080729e-22
 7.5984850166e+01	9.3370328500e-23
 7.8652069787e+01	8.5730051965e-23
 8.1444991596e+01	7.8609639986e-23
 8.4369539755e+01	7.1987500087e-23
 8.7431917622e+01	6.5841112374e-23
 9.0638620912e+01	6.0147330868e-23
 9.3996451472e+01	5.4882657382e-23
 9.7512531711e+01	5.0023487218e-23
 1.0119431971e+02	4.5546326541e-23
 1.0521294005e+02	4.1265035010e-23
 1.0923156040e+02	3.7518943009e-23
 1.1359032550e+02	3.3966229024e-23
 1.1794909060e+02	3.0862150886e-23
 1.2270347842e+02	2.7906802927e-23
 1.2745786625e+02	2.5329799958e-23
 1.3267094883e+02	2.2868934650e-23
 1.3788403142e+02	2.0728412157e-23
 1.4360006281e+02	1.8689149801e-23
 1.4931609420e+02	1.6919303709e-23
 1.5558359799e+02	1.5236738304e-23
 1.6185110177e+02	1.3779381959e-23
 1.6872328302e+02	1.2396502918e-23
 1.7559546427e+02	1.1200846652e-23
 1.8313066117e+02	1.0068181568e-23
 1.9066585806e+02	9.0903933514e-24
 1.9892803717e+02	8.1654668640e-24
 2.0719021627e+02	7.3680964138e-24
 2.1624951551e+02	6.6147825278e-24
 2.2530881475e+02	5.9661143061e-24
 2.3524213883e+02	5.3539421150e-24
 2.4517546292e+02	4.8273266923e-24
 2.5606713620e+02	4.3307836818e-24
 2.6695880947e+02	3.9039829056e-24
 2.7890129174e+02	3.5018464875e-24
 2.9084377401e+02	3.1564161561e-24
 3.0393844542e+02	2.8311330548e-24
 3.1703311683e+02	2.5518574490e-24
 3.3139113853e+02	2.2889819627e-24
 3.4574916022e+02	2.0633674616e-24
 3.6149241794e+02	1.8510632272e-24
 3.7723567566e+02	1.6688930626e-24
 3.9449781450e+02	1.4974984215e-24
 4.1175995333e+02	1.3504470650e-24
 4.3068751217e+02	1.2121011181e-24
 4.4961507102e+02	1.0934045217e-24
 4.7036872660e+02	9.8172912782e-25
 4.9112238218e+02	8.8590573868e-25
 5.1387831302e+02	7.9573775171e-25
 5.3663424385e+02	7.1835463444e-25
 5.6158562585e+02	6.4552234444e-25
 5.8653700784e+02	5.8300064775e-25
 6.1389565416e+02	5.2413847734e-25
 6.4125430048e+02	4.7359271025e-25
 6.7125245965e+02	4.2598857356e-25
 7.0125061881e+02	3.8509457816e-25
 7.3393581157e+02	3.4678937059e-25
 7.6662100432e+02	3.1383939155e-25
 8.0061274014e+02	2.8424213204e-25
 8.1880974872e+02	2.7006193368e-25
 8.3743062009e+02	2.5660592075e-25
 8.5648522727e+02	2.4383631794e-25
 8.7598367327e+02	2.3171734967e-25
 8.9593629642e+02	2.2021513389e-25
 9.1635367586e+02	2.0929758145e-25
 9.3724663717e+02	1.9893430069e-25
 9.5862625807e+02	1.8909650710e-25
 9.8050387431e+02	1.7975693774e-25
 1.0028910857e+03	1.7088977014e-25
-----------------------------

