EXCITATION
N <-> N(2D)
 2.390710e+0  2.500000e+0
SPECIES: e / N
PROCESS: E + N <-> E + N(2D), Excitation
PARAM.:  E = 2.39071 eV, g1/g0 = 2.5
COMMENT: [e + N(4S) <-> e + N(2D), Excitation] Wang Y, Zatsarinny O and Bartschat K 2014 Phys.
COMMENT: Rev. A 89 062714 extended up to 1000eV.
UPDATED: 2018-01-01 12:36:49
COLUMNS: Energy (eV) | Cross section (m2)
-----------------------------
 2.390710e+0	0.000000e+0
 2.394510e+0	1.714700e-23
 2.408110e+0	8.192070e-23
 2.421720e+0	1.674570e-22
 2.435320e+0	2.679020e-22
 2.448930e+0	3.792640e-22
 2.462530e+0	4.988080e-22
 2.476140e+0	6.245090e-22
 2.489740e+0	7.548240e-22
 2.503350e+0	8.885540e-22
 2.516950e+0	1.024780e-21
 2.530560e+0	1.162740e-21
 2.544160e+0	1.301880e-21
 2.557770e+0	1.441710e-21
 2.571370e+0	1.581860e-21
 2.584980e+0	1.722030e-21
 2.598590e+0	1.861970e-21
 2.612190e+0	2.001440e-21
 2.625800e+0	2.140290e-21
 2.639400e+0	2.278360e-21
 2.653010e+0	2.415500e-21
 2.666610e+0	2.551620e-21
 2.680220e+0	2.686580e-21
 2.693820e+0	2.820290e-21
 2.707430e+0	2.952670e-21
 2.721030e+0	3.083630e-21
 2.734640e+0	3.213090e-21
 2.748240e+0	3.340990e-21
 2.761850e+0	3.467260e-21
 2.775450e+0	3.591830e-21
 2.789060e+0	3.714700e-21
 2.802660e+0	3.835810e-21
 2.816270e+0	3.955080e-21
 2.829870e+0	4.072530e-21
 2.843480e+0	4.188080e-21
 2.857080e+0	4.301760e-21
 2.870690e+0	4.413490e-21
 2.884290e+0	4.523350e-21
 2.897900e+0	4.631220e-21
 2.911500e+0	4.737190e-21
 2.925110e+0	4.841210e-21
 2.938710e+0	4.943330e-21
 2.952320e+0	5.043520e-21
 2.965920e+0	5.141780e-21
 2.979530e+0	5.238200e-21
 2.993130e+0	5.332720e-21
 3.006740e+0	5.425410e-21
 3.020350e+0	5.516280e-21
 3.033950e+0	5.605350e-21
 3.047560e+0	5.692660e-21
 3.061160e+0	5.778210e-21
 3.074770e+0	5.862080e-21
 3.088370e+0	5.944250e-21
 3.101980e+0	6.024760e-21
 3.115580e+0	6.103680e-21
 3.129190e+0	6.180970e-21
 3.142790e+0	6.256770e-21
 3.156400e+0	6.331010e-21
 3.170000e+0	6.403690e-21
 3.183610e+0	6.474980e-21
 3.197210e+0	6.544820e-21
 3.210820e+0	6.613340e-21
 3.224420e+0	6.680350e-21
 3.238030e+0	6.746070e-21
 3.251630e+0	6.810470e-21
 3.265240e+0	6.873610e-21
 3.278840e+0	6.935440e-21
 3.292450e+0	6.996030e-21
 3.306050e+0	7.055420e-21
 3.319660e+0	7.113610e-21
 3.333260e+0	7.170650e-21
 3.346870e+0	7.226490e-21
 3.360470e+0	7.281240e-21
 3.374080e+0	7.334890e-21
 3.387680e+0	7.387450e-21
 3.401290e+0	7.438930e-21
 3.414890e+0	7.489370e-21
 3.428500e+0	7.538830e-21
 3.442110e+0	7.587230e-21
 3.455710e+0	7.634670e-21
 3.469320e+0	7.681150e-21
 3.482920e+0	7.726720e-21
 3.496530e+0	7.771370e-21
 3.510130e+0	7.815160e-21
 3.523740e+0	7.858120e-21
 3.537340e+0	7.900260e-21
 3.550950e+0	7.941720e-21
 3.564550e+0	7.982690e-21
 3.578160e+0	8.021430e-21
 3.591760e+0	8.059430e-21
 3.605370e+0	8.097430e-21
 3.618970e+0	8.132390e-21
 3.632580e+0	8.165940e-21
 3.646180e+0	8.198160e-21
 3.659790e+0	8.229100e-21
 3.673390e+0	8.258800e-21
 3.687000e+0	8.287350e-21
 3.700600e+0	8.314770e-21
 3.714210e+0	8.341130e-21
 3.727810e+0	8.366460e-21
 3.741420e+0	8.390790e-21
 3.755020e+0	8.414170e-21
 3.768630e+0	8.436600e-21
 3.782230e+0	8.458140e-21
 3.795840e+0	8.478840e-21
 3.809440e+0	8.498700e-21
 3.823050e+0	8.517780e-21
 3.836650e+0	8.536070e-21
 3.850260e+0	8.553610e-21
 3.863870e+0	8.570400e-21
 3.877470e+0	8.586510e-21
 3.891080e+0	8.601930e-21
 3.904680e+0	8.616730e-21
 3.918290e+0	8.630840e-21
 3.931890e+0	8.644360e-21
 3.945500e+0	8.657290e-21
 3.959100e+0	8.669650e-21
 3.972710e+0	8.681440e-21
 3.986310e+0	8.692690e-21
 3.999920e+0	8.703430e-21
 4.013520e+0	8.713670e-21
 4.027130e+0	8.723390e-21
 4.040730e+0	8.732670e-21
 4.054340e+0	8.741480e-21
 4.067940e+0	8.749760e-21
 4.081550e+0	8.757780e-21
 4.095150e+0	8.765210e-21
 4.108760e+0	8.772340e-21
 4.122360e+0	8.779040e-21
 4.135970e+0	8.785380e-21
 4.149570e+0	8.791380e-21
 4.163180e+0	8.797010e-21
 4.176780e+0	8.802260e-21
 4.190390e+0	8.807200e-21
 4.203990e+0	8.811810e-21
 4.217600e+0	8.816120e-21
 4.231200e+0	8.820090e-21
 4.244810e+0	8.823800e-21
 4.258410e+0	8.827190e-21
 4.272020e+0	8.830300e-21
 4.285620e+0	8.833160e-21
 4.299230e+0	8.835720e-21
 4.312840e+0	8.838030e-21
 4.326440e+0	8.840110e-21
 4.340050e+0	8.841940e-21
 4.353650e+0	8.843500e-21
 4.367260e+0	8.844840e-21
 4.380860e+0	8.845940e-21
 4.394470e+0	8.846860e-21
 4.408070e+0	8.847530e-21
 4.421680e+0	8.847960e-21
 4.435280e+0	8.848220e-21
 4.448890e+0	8.848250e-21
 4.462490e+0	8.848110e-21
 4.476100e+0	8.847760e-21
 4.489700e+0	8.847230e-21
 4.503310e+0	8.846500e-21
 4.516910e+0	8.845620e-21
 4.530520e+0	8.844550e-21
 4.544120e+0	8.843280e-21
 4.557730e+0	8.841770e-21
 4.571330e+0	8.840270e-21
 4.584940e+0	8.838500e-21
 4.598540e+0	8.836610e-21
 4.612150e+0	8.834430e-21
 4.625750e+0	8.832220e-21
 4.639360e+0	8.829830e-21
 4.652960e+0	8.827310e-21
 4.666570e+0	8.824650e-21
 4.680170e+0	8.821830e-21
 4.693780e+0	8.818880e-21
 4.707380e+0	8.815770e-21
 4.720990e+0	8.812570e-21
 4.734600e+0	8.809220e-21
 4.748200e+0	8.805710e-21
 4.761810e+0	8.802100e-21
 4.775410e+0	8.798340e-21
 4.789020e+0	8.794500e-21
 4.802620e+0	8.790500e-21
 4.816230e+0	8.786410e-21
 4.829830e+0	8.782190e-21
 4.843440e+0	8.777850e-21
 4.857040e+0	8.773400e-21
 4.870650e+0	8.768840e-21
 4.884250e+0	8.764190e-21
 4.897860e+0	8.759410e-21
 4.911460e+0	8.754550e-21
 4.925070e+0	8.749590e-21
 4.938670e+0	8.744500e-21
 4.952280e+0	8.739350e-21
 4.965880e+0	8.734070e-21
 4.979490e+0	8.728700e-21
 4.993090e+0	8.723250e-21
 5.006700e+0	8.717720e-21
 5.020300e+0	8.712070e-21
 5.033910e+0	8.706360e-21
 5.047510e+0	8.700560e-21
 5.061120e+0	8.694690e-21
 5.074720e+0	8.688760e-21
 5.088330e+0	8.682710e-21
 5.101930e+0	8.676590e-21
 5.115540e+0	8.670380e-21
 5.129140e+0	8.664140e-21
 5.142750e+0	8.657810e-21
 5.156360e+0	8.651380e-21
 5.169960e+0	8.644850e-21
 5.183570e+0	8.638320e-21
 5.197170e+0	8.631730e-21
 5.210780e+0	8.625050e-21
 5.224380e+0	8.618350e-21
 5.237990e+0	8.611570e-21
 5.251590e+0	8.604730e-21
 5.265200e+0	8.597840e-21
 5.278800e+0	8.590900e-21
 5.292410e+0	8.583910e-21
 5.306010e+0	8.576850e-21
 5.319620e+0	8.569760e-21
 5.333220e+0	8.562600e-21
 5.346830e+0	8.555400e-21
 5.360430e+0	8.548180e-21
 5.374040e+0	8.540910e-21
 5.387640e+0	8.533590e-21
 5.401250e+0	8.526240e-21
 5.414850e+0	8.518810e-21
 5.428460e+0	8.511380e-21
 5.442060e+0	8.503910e-21
 5.455670e+0	8.496400e-21
 5.469270e+0	8.488850e-21
 5.482880e+0	8.481270e-21
 5.496480e+0	8.473660e-21
 5.510090e+0	8.466020e-21
 5.523690e+0	8.458360e-21
 5.537300e+0	8.450640e-21
 5.550900e+0	8.442910e-21
 5.564510e+0	8.435170e-21
 5.578120e+0	8.427390e-21
 5.591720e+0	8.419570e-21
 5.605330e+0	8.411740e-21
 5.618930e+0	8.403910e-21
 5.632540e+0	8.396030e-21
 5.646140e+0	8.388140e-21
 5.659750e+0	8.380230e-21
 5.673350e+0	8.372270e-21
 5.686960e+0	8.364310e-21
 5.700560e+0	8.356330e-21
 5.714170e+0	8.348350e-21
 5.727770e+0	8.340330e-21
 5.741380e+0	8.332300e-21
 5.754980e+0	8.324180e-21
 5.768590e+0	8.316100e-21
 5.782190e+0	8.308030e-21
 5.795800e+0	8.299940e-21
 5.809400e+0	8.291850e-21
 5.823010e+0	8.283720e-21
 5.836610e+0	8.275600e-21
 5.850220e+0	8.267460e-21
 5.863820e+0	8.259300e-21
 5.877430e+0	8.251140e-21
 5.891030e+0	8.242930e-21
 5.904640e+0	8.234760e-21
 5.918240e+0	8.226560e-21
 5.931850e+0	8.218340e-21
 5.945450e+0	8.210130e-21
 5.959060e+0	8.201880e-21
 5.972660e+0	8.193650e-21
 5.986270e+0	8.185390e-21
 5.999870e+0	8.177150e-21
 6.013480e+0	8.168870e-21
 6.027090e+0	8.160590e-21
 6.040690e+0	8.152290e-21
 6.054300e+0	8.144010e-21
 6.067900e+0	8.135700e-21
 6.081510e+0	8.127380e-21
 6.095110e+0	8.119060e-21
 6.108720e+0	8.110730e-21
 6.122320e+0	8.102390e-21
 6.135930e+0	8.094060e-21
 6.149530e+0	8.085710e-21
 6.163140e+0	8.077350e-21
 6.176740e+0	8.068990e-21
 6.190350e+0	8.060620e-21
 6.203950e+0	8.052230e-21
 6.217560e+0	8.043860e-21
 6.231160e+0	8.035460e-21
 6.244770e+0	8.027070e-21
 6.258370e+0	8.018710e-21
 6.271980e+0	8.010280e-21
 6.285580e+0	8.001800e-21
 6.299190e+0	7.993390e-21
 6.312790e+0	7.984970e-21
 6.326400e+0	7.976530e-21
 6.340000e+0	7.968110e-21
 6.353610e+0	7.959660e-21
 6.367210e+0	7.951230e-21
 6.380820e+0	7.942790e-21
 6.394420e+0	7.934330e-21
 6.408030e+0	7.925870e-21
 6.421630e+0	7.917420e-21
 6.435240e+0	7.908960e-21
 6.448850e+0	7.900490e-21
 6.462450e+0	7.892020e-21
 6.476060e+0	7.883550e-21
 6.489660e+0	7.875070e-21
 6.503270e+0	7.866590e-21
 6.516870e+0	7.858110e-21
 6.530480e+0	7.849620e-21
 6.544080e+0	7.841130e-21
 6.557690e+0	7.832660e-21
 6.571290e+0	7.824150e-21
 6.584900e+0	7.815680e-21
 6.598500e+0	7.807180e-21
 6.612110e+0	7.798670e-21
 6.625710e+0	7.790180e-21
 6.639320e+0	7.781670e-21
 6.652920e+0	7.773190e-21
 6.666530e+0	7.764690e-21
 6.680130e+0	7.756180e-21
 6.693740e+0	7.747690e-21
 6.707340e+0	7.739190e-21
 6.720950e+0	7.730690e-21
 6.734550e+0	7.722190e-21
 6.748160e+0	7.713700e-21
 6.761760e+0	7.705200e-21
 6.775370e+0	7.696710e-21
 6.788970e+0	7.688210e-21
 6.802580e+0	7.679710e-21
 6.816180e+0	7.671220e-21
 6.829790e+0	7.662740e-21
 6.843390e+0	7.654240e-21
 6.857000e+0	7.645770e-21
 6.870610e+0	7.637290e-21
 6.884210e+0	7.628810e-21
 6.897820e+0	7.620380e-21
 6.911420e+0	7.611840e-21
 6.925030e+0	7.603370e-21
 6.938630e+0	7.594910e-21
 6.952240e+0	7.586450e-21
 6.965840e+0	7.577990e-21
 6.979450e+0	7.569540e-21
 6.993050e+0	7.561100e-21
 7.006660e+0	7.552650e-21
 7.020260e+0	7.544230e-21
 7.033870e+0	7.535790e-21
 7.047470e+0	7.527370e-21
 7.061080e+0	7.518950e-21
 7.074680e+0	7.510550e-21
 7.088290e+0	7.502130e-21
 7.101890e+0	7.493740e-21
 7.115500e+0	7.485340e-21
 7.129100e+0	7.476950e-21
 7.142710e+0	7.468580e-21
 7.156310e+0	7.460220e-21
 7.169920e+0	7.451850e-21
 7.183520e+0	7.443480e-21
 7.197130e+0	7.435150e-21
 7.210730e+0	7.426800e-21
 7.224340e+0	7.418450e-21
 7.237940e+0	7.410140e-21
 7.251550e+0	7.401810e-21
 7.265150e+0	7.393500e-21
 7.278760e+0	7.385210e-21
 7.292370e+0	7.376910e-21
 7.305970e+0	7.368640e-21
 7.319580e+0	7.360360e-21
 7.333180e+0	7.352110e-21
 7.346790e+0	7.343840e-21
 7.360390e+0	7.335590e-21
 7.374000e+0	7.327350e-21
 7.387600e+0	7.319120e-21
 7.401210e+0	7.310900e-21
 7.414810e+0	7.302690e-21
 7.428420e+0	7.294480e-21
 7.442020e+0	7.286290e-21
 7.455630e+0	7.278080e-21
 7.469230e+0	7.269910e-21
 7.482840e+0	7.261750e-21
 7.496440e+0	7.253590e-21
 7.510050e+0	7.245450e-21
 7.523650e+0	7.237310e-21
 7.537260e+0	7.229200e-21
 7.550860e+0	7.221080e-21
 7.564470e+0	7.212960e-21
 7.578070e+0	7.204870e-21
 7.591680e+0	7.196790e-21
 7.605280e+0	7.188700e-21
 7.618890e+0	7.180630e-21
 7.632490e+0	7.172570e-21
 7.646100e+0	7.164530e-21
 7.659700e+0	7.156480e-21
 7.673310e+0	7.148450e-21
 7.686910e+0	7.140440e-21
 7.700520e+0	7.132420e-21
 7.714120e+0	7.124410e-21
 7.727730e+0	7.116420e-21
 7.741340e+0	7.108440e-21
 7.754940e+0	7.100470e-21
 7.768550e+0	7.092490e-21
 7.782150e+0	7.084520e-21
 7.795760e+0	7.076580e-21
 7.809360e+0	7.068640e-21
 7.822970e+0	7.060690e-21
 7.836570e+0	7.052780e-21
 7.850180e+0	7.044870e-21
 7.863780e+0	7.036960e-21
 7.877390e+0	7.029070e-21
 7.890990e+0	7.021160e-21
 7.904600e+0	7.013290e-21
 7.918200e+0	7.005410e-21
 7.931810e+0	6.997540e-21
 7.945410e+0	6.989680e-21
 7.959020e+0	6.981820e-21
 7.972620e+0	6.973980e-21
 7.986230e+0	6.966140e-21
 7.999830e+0	6.958320e-21
 8.013440e+0	6.950500e-21
 8.027040e+0	6.942670e-21
 8.040650e+0	6.934870e-21
 8.054250e+0	6.927050e-21
 8.067860e+0	6.919270e-21
 8.081460e+0	6.911460e-21
 8.095070e+0	6.903700e-21
 8.108670e+0	6.895910e-21
 8.122280e+0	6.888160e-21
 8.135880e+0	6.880380e-21
 8.149490e+0	6.872630e-21
 8.163100e+0	6.864870e-21
 8.176700e+0	6.857130e-21
 8.190310e+0	6.849410e-21
 8.203910e+0	6.841660e-21
 8.217520e+0	6.833930e-21
 8.231120e+0	6.826210e-21
 8.244730e+0	6.818500e-21
 8.258330e+0	6.810780e-21
 8.271940e+0	6.803070e-21
 8.285540e+0	6.795380e-21
 8.299150e+0	6.787680e-21
 8.312750e+0	6.779980e-21
 8.326360e+0	6.772300e-21
 8.339960e+0	6.764610e-21
 8.353570e+0	6.756930e-21
 8.367170e+0	6.749250e-21
 8.380780e+0	6.741580e-21
 8.394380e+0	6.733910e-21
 8.407990e+0	6.726230e-21
 8.421590e+0	6.718560e-21
 8.435200e+0	6.710910e-21
 8.448800e+0	6.703270e-21
 8.462410e+0	6.695620e-21
 8.476010e+0	6.687960e-21
 8.489620e+0	6.680320e-21
 8.503220e+0	6.672670e-21
 8.516830e+0	6.665040e-21
 8.530430e+0	6.657410e-21
 8.544040e+0	6.649780e-21
 8.557640e+0	6.642130e-21
 8.571250e+0	6.634500e-21
 8.584860e+0	6.626880e-21
 8.598460e+0	6.619260e-21
 8.612070e+0	6.611640e-21
 8.625670e+0	6.604010e-21
 8.639280e+0	6.596400e-21
 8.652880e+0	6.588770e-21
 8.666490e+0	6.581160e-21
 8.680090e+0	6.573530e-21
 8.693700e+0	6.565920e-21
 8.707300e+0	6.558310e-21
 8.720910e+0	6.550700e-21
 8.734510e+0	6.543070e-21
 8.748120e+0	6.535450e-21
 8.761720e+0	6.527850e-21
 8.775330e+0	6.520220e-21
 8.788930e+0	6.512610e-21
 8.802540e+0	6.505020e-21
 8.816140e+0	6.497400e-21
 8.829750e+0	6.489780e-21
 8.843350e+0	6.482160e-21
 8.856960e+0	6.474550e-21
 8.870560e+0	6.466890e-21
 8.884170e+0	6.459260e-21
 8.897770e+0	6.451630e-21
 8.911380e+0	6.444010e-21
 8.924980e+0	6.436390e-21
 8.938590e+0	6.428740e-21
 8.952190e+0	6.421110e-21
 8.965800e+0	6.413460e-21
 8.979400e+0	6.405810e-21
 8.993010e+0	6.398160e-21
 9.006610e+0	6.390500e-21
 9.020220e+0	6.382840e-21
 9.033830e+0	6.375160e-21
 9.047430e+0	6.367490e-21
 9.061040e+0	6.359810e-21
 9.074640e+0	6.352120e-21
 9.088250e+0	6.344430e-21
 9.101850e+0	6.336730e-21
 9.115460e+0	6.329010e-21
 9.129060e+0	6.321280e-21
 9.142670e+0	6.313540e-21
 9.156270e+0	6.305810e-21
 9.169880e+0	6.298030e-21
 9.183480e+0	6.290270e-21
 9.197090e+0	6.282480e-21
 9.210690e+0	6.274700e-21
 9.224300e+0	6.266900e-21
 9.237900e+0	6.259050e-21
 9.251510e+0	6.251200e-21
 9.265110e+0	6.243330e-21
 9.278720e+0	6.235440e-21
 9.292320e+0	6.227540e-21
 9.305930e+0	6.219590e-21
 9.319530e+0	6.211640e-21
 9.333140e+0	6.203640e-21
 9.346740e+0	6.195640e-21
 9.360350e+0	6.187600e-21
 9.373950e+0	6.179510e-21
 9.387560e+0	6.171410e-21
 9.401160e+0	6.163260e-21
 9.414770e+0	6.155080e-21
 9.428370e+0	6.146860e-21
 9.441980e+0	6.138580e-21
 9.455590e+0	6.130270e-21
 9.469190e+0	6.121900e-21
 9.482800e+0	6.113450e-21
 9.496400e+0	6.104980e-21
 9.510010e+0	6.096430e-21
 9.523610e+0	6.087800e-21
 9.537220e+0	6.079110e-21
 9.550820e+0	6.070350e-21
 9.564430e+0	6.061490e-21
 9.578030e+0	6.052530e-21
 9.591640e+0	6.043470e-21
 9.605240e+0	6.034290e-21
 9.618850e+0	6.025000e-21
 9.632450e+0	6.015590e-21
 9.646060e+0	6.006020e-21
 9.659660e+0	5.996300e-21
 9.673270e+0	5.986390e-21
 9.686870e+0	5.976290e-21
 9.700480e+0	5.965990e-21
 9.714080e+0	5.955440e-21
 9.727690e+0	5.944640e-21
 9.741290e+0	5.933550e-21
 9.754900e+0	5.922110e-21
 9.768500e+0	5.910310e-21
 9.782110e+0	5.898100e-21
 9.795710e+0	5.885410e-21
 9.809320e+0	5.872180e-21
 9.822920e+0	5.858330e-21
 9.836530e+0	5.843730e-21
 9.850130e+0	5.828300e-21
 9.863740e+0	5.811880e-21
 9.877350e+0	5.794280e-21
 9.890950e+0	5.775260e-21
 9.904560e+0	5.754520e-21
 9.918160e+0	5.731680e-21
 9.931770e+0	5.706180e-21
 9.945370e+0	5.677310e-21
 9.958980e+0	5.644090e-21
 9.972580e+0	5.605060e-21
 9.986190e+0	5.558040e-21
 9.999790e+0	5.499670e-21
 1.001340e+1	5.424320e-21
 1.002700e+1	5.322090e-21
 1.004060e+1	5.173600e-21
 1.005420e+1	4.936200e-21
 1.006780e+1	4.500420e-21
 1.008140e+1	3.632200e-21
 1.009500e+1	7.368110e-21
 1.010860e+1	7.953630e-21
 1.012220e+1	7.118220e-21
 1.013580e+1	6.729100e-21
 1.014940e+1	6.512480e-21
 1.016310e+1	6.374360e-21
 1.017670e+1	6.277820e-21
 1.019030e+1	6.205860e-21
 1.020390e+1	6.149520e-21
 1.021750e+1	6.103720e-21
 1.023110e+1	6.065380e-21
 1.024470e+1	6.032440e-21
 1.025830e+1	6.003600e-21
 1.027190e+1	5.977860e-21
 1.028550e+1	5.954550e-21
 1.029910e+1	5.933150e-21
 1.031270e+1	5.913280e-21
 1.032630e+1	5.894600e-21
 1.033990e+1	5.876840e-21
 1.035350e+1	5.859760e-21
 1.036710e+1	5.843120e-21
 1.038070e+1	5.826600e-21
 1.039430e+1	5.809690e-21
 1.040790e+1	5.791140e-21
 1.043520e+1	5.746030e-21
 1.044880e+1	5.741790e-21
 1.046240e+1	5.737320e-21
 1.047600e+1	5.729770e-21
 1.048960e+1	5.718240e-21
 1.050320e+1	5.705570e-21
 1.051680e+1	5.693620e-21
 1.053040e+1	5.682200e-21
 1.054400e+1	5.670880e-21
 1.055760e+1	5.659420e-21
 1.057120e+1	5.647680e-21
 1.058480e+1	5.635590e-21
 1.059840e+1	5.623120e-21
 1.061200e+1	5.610300e-21
 1.062560e+1	5.597100e-21
 1.063920e+1	5.583530e-21
 1.065280e+1	5.569670e-21
 1.066640e+1	5.555500e-21
 1.068000e+1	5.541100e-21
 1.069370e+1	5.526540e-21
 1.070730e+1	5.511970e-21
 1.072090e+1	5.497530e-21
 1.073450e+1	5.483460e-21
 1.074810e+1	5.470180e-21
 1.076170e+1	5.458270e-21
 1.077530e+1	5.443680e-21
 1.078890e+1	5.433200e-21
 1.080250e+1	5.426660e-21
 1.081610e+1	5.419670e-21
 1.082970e+1	5.409350e-21
 1.084330e+1	5.397500e-21
 1.085690e+1	5.384250e-21
 1.087050e+1	5.369590e-21
 1.088410e+1	5.353320e-21
 1.089770e+1	5.334810e-21
 1.091130e+1	5.313280e-21
 1.092490e+1	5.286540e-21
 1.093850e+1	5.247760e-21
 1.095220e+1	5.124500e-21
 1.096580e+1	5.111490e-21
 1.097940e+1	5.107540e-21
 1.099300e+1	5.103350e-21
 1.100660e+1	5.098340e-21
 1.102020e+1	5.092720e-21
 1.103380e+1	5.086700e-21
 1.104740e+1	5.080600e-21
 1.106100e+1	5.074420e-21
 1.107460e+1	5.068300e-21
 1.108820e+1	5.062350e-21
 1.110180e+1	5.056560e-21
 1.111540e+1	5.050980e-21
 1.112900e+1	5.045590e-21
 1.114260e+1	5.040400e-21
 1.115620e+1	5.035390e-21
 1.116980e+1	5.030540e-21
 1.118340e+1	5.025810e-21
 1.119700e+1	5.021200e-21
 1.121070e+1	5.016670e-21
 1.122430e+1	5.012200e-21
 1.123790e+1	5.007760e-21
 1.125150e+1	5.003330e-21
 1.126510e+1	4.998900e-21
 1.127870e+1	4.994450e-21
 1.129230e+1	4.989970e-21
 1.130590e+1	4.985420e-21
 1.131950e+1	4.980820e-21
 1.133310e+1	4.976140e-21
 1.134670e+1	4.971360e-21
 1.136030e+1	4.966490e-21
 1.137390e+1	4.961500e-21
 1.138750e+1	4.956370e-21
 1.140110e+1	4.951120e-21
 1.141470e+1	4.945720e-21
 1.142830e+1	4.940140e-21
 1.144190e+1	4.934390e-21
 1.145550e+1	4.928430e-21
 1.146910e+1	4.922240e-21
 1.148280e+1	4.915810e-21
 1.149640e+1	4.909080e-21
 1.151000e+1	4.902030e-21
 1.152360e+1	4.894590e-21
 1.153720e+1	4.886720e-21
 1.155080e+1	4.878300e-21
 1.156440e+1	4.869220e-21
 1.157800e+1	4.859290e-21
 1.159160e+1	4.848220e-21
 1.160520e+1	4.835510e-21
 1.161880e+1	4.823200e-21
 1.163240e+1	4.803840e-21
 1.164600e+1	4.781010e-21
 1.165960e+1	4.746580e-21
 1.167320e+1	4.721670e-21
 1.168680e+1	4.698210e-21
 1.170040e+1	4.676480e-21
 1.171400e+1	4.657060e-21
 1.172760e+1	4.640470e-21
 1.174130e+1	4.627430e-21
 1.175490e+1	4.618730e-21
 1.176850e+1	4.615190e-21
 1.178210e+1	4.617500e-21
 1.179570e+1	4.632930e-21
 1.180930e+1	4.653680e-21
 1.182290e+1	4.666360e-21
 1.183650e+1	4.679240e-21
 1.185010e+1	4.687710e-21
 1.186370e+1	4.693070e-21
 1.187730e+1	4.695570e-21
 1.189090e+1	4.697290e-21
 1.190450e+1	4.700710e-21
 1.191810e+1	4.701040e-21
 1.193170e+1	4.699890e-21
 1.194530e+1	4.697220e-21
 1.195890e+1	4.693100e-21
 1.197250e+1	4.687860e-21
 1.198610e+1	4.681760e-21
 1.199970e+1	4.675920e-21
 1.201340e+1	4.669560e-21
 1.202700e+1	4.665890e-21
 1.204060e+1	4.650220e-21
 1.205420e+1	4.643370e-21
 1.206780e+1	4.637430e-21
 1.208140e+1	4.632010e-21
 1.209500e+1	4.626520e-21
 1.210860e+1	4.620920e-21
 1.212220e+1	4.615180e-21
 1.213580e+1	4.609260e-21
 1.214940e+1	4.603810e-21
 1.216300e+1	4.596740e-21
 1.217660e+1	4.586470e-21
 1.219020e+1	4.578900e-21
 1.220380e+1	4.571970e-21
 1.221740e+1	4.565710e-21
 1.223100e+1	4.559540e-21
 1.224460e+1	4.553390e-21
 1.225820e+1	4.547370e-21
 1.227190e+1	4.541250e-21
 1.228550e+1	4.534890e-21
 1.229910e+1	4.528060e-21
 1.231270e+1	4.520430e-21
 1.232630e+1	4.511710e-21
 1.233990e+1	4.505010e-21
 1.235350e+1	4.512410e-21
 1.236710e+1	4.518000e-21
 1.238070e+1	4.512510e-21
 1.239430e+1	4.506370e-21
 1.240790e+1	4.501310e-21
 1.242150e+1	4.496150e-21
 1.243510e+1	4.491260e-21
 1.244870e+1	4.486600e-21
 1.246230e+1	4.482080e-21
 1.247590e+1	4.477710e-21
 1.248950e+1	4.473480e-21
 1.250310e+1	4.469380e-21
 1.251670e+1	4.465440e-21
 1.253040e+1	4.461650e-21
 1.254400e+1	4.458070e-21
 1.255760e+1	4.454740e-21
 1.257120e+1	4.451720e-21
 1.258480e+1	4.449130e-21
 1.259840e+1	4.447110e-21
 1.261200e+1	4.445950e-21
 1.262560e+1	4.446110e-21
 1.263920e+1	4.448450e-21
 1.265280e+1	4.454350e-21
 1.266640e+1	4.463440e-21
 1.268000e+1	4.433790e-21
 1.269360e+1	4.336290e-21
 1.270720e+1	4.338360e-21
 1.272080e+1	4.349300e-21
 1.273440e+1	4.354990e-21
 1.274800e+1	4.357450e-21
 1.276160e+1	4.358290e-21
 1.277520e+1	4.358840e-21
 1.278880e+1	4.359670e-21
 1.280250e+1	4.353340e-21
 1.281610e+1	4.351690e-21
 1.282970e+1	4.347920e-21
 1.284330e+1	4.350290e-21
 1.285690e+1	4.356720e-21
 1.287050e+1	4.348530e-21
 1.288410e+1	4.341750e-21
 1.289770e+1	4.335810e-21
 1.291130e+1	4.334800e-21
 1.292490e+1	4.334700e-21
 1.293850e+1	4.326590e-21
 1.295210e+1	4.321040e-21
 1.296570e+1	4.318480e-21
 1.297930e+1	4.317970e-21
 1.299290e+1	4.315930e-21
 1.300650e+1	4.312870e-21
 1.302010e+1	4.312490e-21
 1.303370e+1	4.306350e-21
 1.304730e+1	4.297280e-21
 1.306100e+1	4.285120e-21
 1.307460e+1	4.281380e-21
 1.308820e+1	4.274610e-21
 1.310180e+1	4.269880e-21
 1.311540e+1	4.266090e-21
 1.312900e+1	4.263440e-21
 1.314260e+1	4.257850e-21
 1.315620e+1	4.253220e-21
 1.316980e+1	4.248790e-21
 1.318340e+1	4.244280e-21
 1.319700e+1	4.238670e-21
 1.321060e+1	4.233420e-21
 1.322420e+1	4.233830e-21
 1.323780e+1	4.230480e-21
 1.325140e+1	4.219880e-21
 1.326500e+1	4.217390e-21
 1.327860e+1	4.222330e-21
 1.330580e+1	4.225370e-21
 1.331950e+1	4.218980e-21
 1.333310e+1	4.214910e-21
 1.334670e+1	4.211250e-21
 1.336030e+1	4.207590e-21
 1.337390e+1	4.204670e-21
 1.338750e+1	4.200290e-21
 1.340110e+1	4.196850e-21
 1.341470e+1	4.192890e-21
 1.342830e+1	4.185330e-21
 1.344190e+1	4.178130e-21
 1.345550e+1	4.184750e-21
 1.346910e+1	4.175740e-21
 1.348270e+1	4.169190e-21
 1.349630e+1	4.158530e-21
 1.350990e+1	4.146140e-21
 1.352350e+1	4.130230e-21
 1.353710e+1	4.105260e-21
 1.355070e+1	4.081160e-21
 1.356430e+1	4.053560e-21
 1.357790e+1	4.032220e-21
 1.359160e+1	4.023950e-21
 1.360520e+1	4.038680e-21
 1.361880e+1	4.042400e-21
 1.363240e+1	4.054090e-21
 1.364600e+1	4.061430e-21
 1.365960e+1	4.062070e-21
 1.367320e+1	4.064260e-21
 1.370040e+1	4.060630e-21
 1.371400e+1	4.037950e-21
 1.375480e+1	4.039080e-21
 1.376840e+1	4.043610e-21
 1.378200e+1	4.048300e-21
 1.379560e+1	4.038480e-21
 1.380920e+1	4.034940e-21
 1.382280e+1	4.031060e-21
 1.383640e+1	4.028880e-21
 1.385010e+1	4.023820e-21
 1.386370e+1	4.021070e-21
 1.387730e+1	4.017150e-21
 1.389090e+1	4.013630e-21
 1.390450e+1	4.009960e-21
 1.391810e+1	4.007470e-21
 1.393170e+1	4.005350e-21
 1.394530e+1	4.003890e-21
 1.395890e+1	3.995540e-21
 1.397250e+1	3.990510e-21
 1.398610e+1	3.991320e-21
 1.399970e+1	3.991510e-21
 1.401330e+1	3.988110e-21
 1.402690e+1	3.985510e-21
 1.404050e+1	3.982400e-21
 1.405410e+1	3.979000e-21
 1.406770e+1	3.976040e-21
 1.408130e+1	3.973410e-21
 1.409490e+1	3.971060e-21
 1.410850e+1	3.968670e-21
 1.412220e+1	3.967200e-21
 1.413580e+1	3.961760e-21
 1.414940e+1	3.953090e-21
 1.416300e+1	3.952200e-21
 1.417660e+1	3.947220e-21
 1.419020e+1	3.946360e-21
 1.420380e+1	3.937770e-21
 1.421740e+1	3.933880e-21
 1.423100e+1	3.928580e-21
 1.424460e+1	3.920640e-21
 1.425820e+1	3.918180e-21
 1.427180e+1	3.915200e-21
 1.428540e+1	3.917800e-21
 1.429900e+1	3.912900e-21
 1.431260e+1	3.908410e-21
 1.432620e+1	3.901960e-21
 1.433980e+1	3.896240e-21
 1.435340e+1	3.900680e-21
 1.436700e+1	3.892080e-21
 1.438070e+1	3.881970e-21
 1.439430e+1	3.877300e-21
 1.440790e+1	3.879740e-21
 1.442150e+1	3.873140e-21
 1.443510e+1	3.868240e-21
 1.444870e+1	3.862060e-21
 1.446230e+1	3.855930e-21
 1.447590e+1	3.849750e-21
 1.448950e+1	3.843300e-21
 1.450310e+1	3.836990e-21
 1.451670e+1	3.829900e-21
 1.453030e+1	3.821600e-21
 1.454390e+1	3.815690e-21
 1.455750e+1	3.813060e-21
 1.457110e+1	3.806080e-21
 1.458470e+1	3.800250e-21
 1.459830e+1	3.793750e-21
 1.461190e+1	3.788370e-21
 1.462550e+1	3.783140e-21
 1.463920e+1	3.780130e-21
 1.465280e+1	3.775350e-21
 1.466640e+1	3.770080e-21
 1.468000e+1	3.764470e-21
 1.469360e+1	3.759680e-21
 1.470720e+1	3.757730e-21
 1.472080e+1	3.756240e-21
 1.473440e+1	3.751720e-21
 1.474800e+1	3.749850e-21
 1.476160e+1	3.748420e-21
 1.477520e+1	3.747570e-21
 1.478880e+1	3.747060e-21
 1.480240e+1	3.747810e-21
 1.481600e+1	3.751530e-21
 1.482960e+1	3.751950e-21
 1.484320e+1	3.753440e-21
 1.485680e+1	3.748690e-21
 1.487040e+1	3.741800e-21
 1.488400e+1	3.737500e-21
 1.489760e+1	3.733720e-21
 1.491130e+1	3.730020e-21
 1.492490e+1	3.728340e-21
 1.493850e+1	3.725360e-21
 1.495210e+1	3.720190e-21
 1.496570e+1	3.719020e-21
 1.497930e+1	3.713760e-21
 1.499290e+1	3.710390e-21
 1.500650e+1	3.708490e-21
 1.502010e+1	3.703470e-21
 1.503370e+1	3.688320e-21
 1.504730e+1	3.686070e-21
 1.506090e+1	3.680450e-21
 1.507450e+1	3.687670e-21
 1.508810e+1	3.680930e-21
 1.510170e+1	3.678170e-21
 1.511530e+1	3.676050e-21
 1.512890e+1	3.677150e-21
 1.514250e+1	3.672730e-21
 1.515610e+1	3.669830e-21
 1.516980e+1	3.664150e-21
 1.518340e+1	3.661780e-21
 1.519700e+1	3.658100e-21
 1.521060e+1	3.654810e-21
 1.522420e+1	3.647280e-21
 1.523780e+1	3.647830e-21
 1.525140e+1	3.644710e-21
 1.526500e+1	3.640990e-21
 1.527860e+1	3.638140e-21
 1.529220e+1	3.635940e-21
 1.530580e+1	3.633410e-21
 1.531940e+1	3.632430e-21
 1.533300e+1	3.623750e-21
 1.534660e+1	3.627730e-21
 1.536020e+1	3.624630e-21
 1.537380e+1	3.620140e-21
 1.538740e+1	3.623000e-21
 1.540100e+1	3.619210e-21
 1.541460e+1	3.614400e-21
 1.542820e+1	3.613080e-21
 1.544190e+1	3.611540e-21
 1.545550e+1	3.609150e-21
 1.546910e+1	3.609090e-21
 1.548270e+1	3.596540e-21
 1.550990e+1	3.588830e-21
 1.552350e+1	3.590970e-21
 1.553710e+1	3.582000e-21
 1.555070e+1	3.578020e-21
 1.556430e+1	3.575460e-21
 1.557790e+1	3.573510e-21
 1.559150e+1	3.570690e-21
 1.560510e+1	3.565980e-21
 1.561870e+1	3.566410e-21
 1.563230e+1	3.561650e-21
 1.564590e+1	3.561010e-21
 1.565950e+1	3.555850e-21
 1.567310e+1	3.551130e-21
 1.568670e+1	3.543630e-21
 1.570040e+1	3.540100e-21
 1.571400e+1	3.534310e-21
 1.572760e+1	3.531050e-21
 1.574120e+1	3.526980e-21
 1.575480e+1	3.523300e-21
 1.576840e+1	3.516920e-21
 1.578200e+1	3.517120e-21
 1.579560e+1	3.514290e-21
 1.580920e+1	3.509160e-21
 1.582280e+1	3.510430e-21
 1.583640e+1	3.516770e-21
 1.585000e+1	3.524490e-21
 1.586360e+1	3.524680e-21
 1.587720e+1	3.513780e-21
 1.589080e+1	3.511440e-21
 1.590440e+1	3.511410e-21
 1.591800e+1	3.506740e-21
 1.593160e+1	3.501190e-21
 1.594520e+1	3.496310e-21
 1.595890e+1	3.497140e-21
 1.597250e+1	3.496770e-21
 1.598610e+1	3.492850e-21
 1.599970e+1	3.488860e-21
 1.601330e+1	3.489650e-21
 1.602690e+1	3.485800e-21
 1.604050e+1	3.489380e-21
 1.605410e+1	3.481310e-21
 1.606770e+1	3.483970e-21
 1.608130e+1	3.485130e-21
 1.609490e+1	3.485020e-21
 1.610850e+1	3.482940e-21
 1.612210e+1	3.479920e-21
 1.613570e+1	3.475280e-21
 1.614930e+1	3.474470e-21
 1.616290e+1	3.465370e-21
 1.617650e+1	3.464540e-21
 1.619010e+1	3.459910e-21
 1.620370e+1	3.456180e-21
 1.621730e+1	3.451570e-21
 1.623100e+1	3.445990e-21
 1.624460e+1	3.441610e-21
 1.625820e+1	3.436510e-21
 1.627180e+1	3.433130e-21
 1.628540e+1	3.429410e-21
 1.629900e+1	3.420870e-21
 1.631260e+1	3.405660e-21
 1.632620e+1	3.393540e-21
 1.633980e+1	3.377780e-21
 1.635340e+1	3.365510e-21
 1.636700e+1	3.351740e-21
 1.639420e+1	3.331610e-21
 1.640780e+1	3.325490e-21
 1.642140e+1	3.321050e-21
 1.643500e+1	3.319350e-21
 1.644860e+1	3.316490e-21
 1.646220e+1	3.318660e-21
 1.647580e+1	3.316290e-21
 1.648950e+1	3.315830e-21
 1.650310e+1	3.316870e-21
 1.651670e+1	3.316230e-21
 1.653030e+1	3.316230e-21
 1.654390e+1	3.316140e-21
 1.655750e+1	3.314250e-21
 1.657110e+1	3.311810e-21
 1.658470e+1	3.310850e-21
 1.659830e+1	3.309960e-21
 1.661190e+1	3.307740e-21
 1.662550e+1	3.306130e-21
 1.663910e+1	3.304700e-21
 1.665270e+1	3.306420e-21
 1.667990e+1	3.299830e-21
 1.669350e+1	3.296880e-21
 1.670710e+1	3.294990e-21
 1.672070e+1	3.292420e-21
 1.673430e+1	3.290110e-21
 1.674800e+1	3.285780e-21
 1.676160e+1	3.283260e-21
 1.677520e+1	3.274620e-21
 1.678880e+1	3.272020e-21
 1.680240e+1	3.268330e-21
 1.681600e+1	3.262540e-21
 1.682960e+1	3.262480e-21
 1.684320e+1	3.258930e-21
 1.685680e+1	3.253710e-21
 1.687040e+1	3.255760e-21
 1.688400e+1	3.252140e-21
 1.689760e+1	3.253310e-21
 1.691120e+1	3.251000e-21
 1.692480e+1	3.248970e-21
 1.693840e+1	3.247750e-21
 1.695200e+1	3.244620e-21
 1.696560e+1	3.242120e-21
 1.697920e+1	3.239430e-21
 1.699280e+1	3.237470e-21
 1.700640e+1	3.227860e-21
 1.702010e+1	3.232590e-21
 1.703370e+1	3.228260e-21
 1.704730e+1	3.215380e-21
 1.706090e+1	3.210160e-21
 1.707450e+1	3.204830e-21
 1.708810e+1	3.205170e-21
 1.710170e+1	3.201250e-21
 1.711530e+1	3.198840e-21
 1.712890e+1	3.197250e-21
 1.714250e+1	3.192180e-21
 1.715610e+1	3.192710e-21
 1.716970e+1	3.188250e-21
 1.718330e+1	3.185750e-21
 1.719690e+1	3.183370e-21
 1.721050e+1	3.182160e-21
 1.722410e+1	3.179490e-21
 1.723770e+1	3.176130e-21
 1.725130e+1	3.174270e-21
 1.726490e+1	3.169520e-21
 1.727860e+1	3.168930e-21
 1.729220e+1	3.167040e-21
 1.730580e+1	3.164670e-21
 1.731940e+1	3.163870e-21
 1.733300e+1	3.162380e-21
 1.734660e+1	3.155610e-21
 1.736020e+1	3.154700e-21
 1.737380e+1	3.156110e-21
 1.738740e+1	3.152980e-21
 1.740100e+1	3.149740e-21
 1.741460e+1	3.148400e-21
 1.742820e+1	3.145630e-21
 1.744180e+1	3.144700e-21
 1.745540e+1	3.137730e-21
 1.746900e+1	3.133380e-21
 1.748260e+1	3.137400e-21
 1.749620e+1	3.135320e-21
 1.750980e+1	3.130560e-21
 1.752340e+1	3.122940e-21
 1.753700e+1	3.121010e-21
 1.755070e+1	3.120600e-21
 1.756430e+1	3.120930e-21
 1.757790e+1	3.118230e-21
 1.759150e+1	3.116900e-21
 1.760510e+1	3.115350e-21
 1.761870e+1	3.114620e-21
 1.763230e+1	3.112110e-21
 1.764590e+1	3.110450e-21
 1.765950e+1	3.105790e-21
 1.767310e+1	3.105930e-21
 1.768670e+1	3.103250e-21
 1.770030e+1	3.100960e-21
 1.771390e+1	3.098160e-21
 1.772750e+1	3.095070e-21
 1.774110e+1	3.089660e-21
 1.775470e+1	3.090080e-21
 1.776830e+1	3.086580e-21
 1.778190e+1	3.083140e-21
 1.779550e+1	3.076030e-21
 1.780920e+1	3.077250e-21
 1.782280e+1	3.074240e-21
 1.783640e+1	3.071390e-21
 1.785000e+1	3.068580e-21
 1.786360e+1	3.064920e-21
 1.787720e+1	3.062770e-21
 1.789080e+1	3.059140e-21
 1.790440e+1	3.055730e-21
 1.791800e+1	3.054040e-21
 1.793160e+1	3.043250e-21
 1.794520e+1	3.046750e-21
 1.795880e+1	3.045060e-21
 1.797240e+1	3.040690e-21
 1.798600e+1	3.036680e-21
 1.799960e+1	3.036830e-21
 1.801320e+1	3.037970e-21
 1.802680e+1	3.033640e-21
 1.804040e+1	3.028810e-21
 1.805400e+1	3.026690e-21
 1.806770e+1	3.021530e-21
 1.808130e+1	3.022610e-21
 1.809490e+1	3.027140e-21
 1.810850e+1	3.022120e-21
 1.812210e+1	3.016480e-21
 1.813570e+1	3.016390e-21
 1.814930e+1	3.012080e-21
 1.816290e+1	3.009510e-21
 1.817650e+1	3.003850e-21
 1.819010e+1	3.004250e-21
 1.820370e+1	3.002220e-21
 1.821730e+1	3.000020e-21
 1.823090e+1	2.991650e-21
 1.824450e+1	3.001980e-21
 1.825810e+1	2.989640e-21
 1.827170e+1	2.984590e-21
 1.828530e+1	2.981600e-21
 1.829890e+1	2.977280e-21
 1.831250e+1	2.975520e-21
 1.832610e+1	2.977040e-21
 1.833980e+1	2.975010e-21
 1.835340e+1	2.970760e-21
 1.836700e+1	2.967820e-21
 1.838060e+1	2.962590e-21
 1.839420e+1	2.962980e-21
 1.840780e+1	2.960470e-21
 1.842140e+1	2.956340e-21
 1.843500e+1	2.954460e-21
 1.844860e+1	2.952230e-21
 1.846220e+1	2.949570e-21
 1.847580e+1	2.946930e-21
 1.848940e+1	2.945270e-21
 1.850300e+1	2.942810e-21
 1.851660e+1	2.940310e-21
 1.853020e+1	2.939380e-21
 1.854380e+1	2.939380e-21
 1.855740e+1	2.934130e-21
 1.857100e+1	2.932960e-21
 1.858460e+1	2.928420e-21
 1.859830e+1	2.926260e-21
 1.861190e+1	2.927510e-21
 1.862550e+1	2.925090e-21
 1.863910e+1	2.926880e-21
 1.865270e+1	2.923800e-21
 1.866630e+1	2.922430e-21
 1.867990e+1	2.922180e-21
 1.869350e+1	2.922830e-21
 1.870710e+1	2.922290e-21
 1.872070e+1	2.923810e-21
 1.873430e+1	2.918740e-21
 1.874790e+1	2.917790e-21
 1.876150e+1	2.912870e-21
 1.877510e+1	2.908660e-21
 1.878870e+1	2.910020e-21
 1.880230e+1	2.908910e-21
 1.881590e+1	2.906000e-21
 1.882950e+1	2.904050e-21
 1.884310e+1	2.900390e-21
 1.885670e+1	2.896820e-21
 1.887040e+1	2.896530e-21
 1.888400e+1	2.896100e-21
 1.889760e+1	2.883950e-21
 1.891120e+1	2.885360e-21
 1.892480e+1	2.881470e-21
 1.893840e+1	2.880920e-21
 1.895200e+1	2.880010e-21
 1.896560e+1	2.875530e-21
 1.897920e+1	2.868440e-21
 1.899280e+1	2.868000e-21
 1.900640e+1	2.870480e-21
 1.902000e+1	2.868320e-21
 1.903360e+1	2.863940e-21
 1.904720e+1	2.861430e-21
 1.906080e+1	2.860820e-21
 1.907440e+1	2.861220e-21
 1.908800e+1	2.858490e-21
 1.910160e+1	2.856410e-21
 1.911520e+1	2.853340e-21
 1.912890e+1	2.852270e-21
 1.914250e+1	2.852990e-21
 1.915610e+1	2.847670e-21
 1.916970e+1	2.844640e-21
 1.918330e+1	2.842020e-21
 1.919690e+1	2.843300e-21
 1.921050e+1	2.840480e-21
 1.922410e+1	2.836180e-21
 1.923770e+1	2.831070e-21
 1.925130e+1	2.834270e-21
 1.926490e+1	2.832620e-21
 1.927850e+1	2.827030e-21
 1.929210e+1	2.828090e-21
 1.930570e+1	2.826260e-21
 1.931930e+1	2.823510e-21
 1.933290e+1	2.820780e-21
 1.934650e+1	2.817680e-21
 1.936010e+1	2.817790e-21
 1.937370e+1	2.816340e-21
 1.938740e+1	2.814620e-21
 1.940100e+1	2.806260e-21
 1.941460e+1	2.808660e-21
 1.942820e+1	2.807810e-21
 1.944180e+1	2.797750e-21
 1.945540e+1	2.793150e-21
 1.946900e+1	2.794700e-21
 1.948260e+1	2.793410e-21
 1.949620e+1	2.789480e-21
 1.950980e+1	2.787130e-21
 1.952340e+1	2.785580e-21
 1.953700e+1	2.781730e-21
 1.955060e+1	2.779160e-21
 1.956420e+1	2.774980e-21
 1.957780e+1	2.773450e-21
 1.959140e+1	2.769820e-21
 1.999960e+1	2.678060e-21
 2.499950e+1	2.079700e-21
 2.999940e+1	1.591260e-21
 3.499930e+1	1.217510e-21
 3.999920e+1	9.688560e-22
 4.499910e+1	7.485980e-22
 4.999900e+1	5.911570e-22
 5.499890e+1	4.860790e-22
 5.999870e+1	4.208870e-22
 6.499860e+1	3.700720e-22
 6.999850e+1	3.236250e-22
 7.499840e+1	2.835230e-22
 7.999830e+1	2.482910e-22
 8.499820e+1	2.178450e-22
 8.999810e+1	1.914810e-22
 9.499800e+1	1.685200e-22
 9.999790e+1	1.489030e-22
 1.049980e+2	1.319470e-22
 1.099980e+2	1.172130e-22
 1.149980e+2	1.044780e-22
 1.199970e+2	9.345120e-23
 1.249970e+2	8.378080e-23
 1.299970e+2	7.538050e-23
 1.349970e+2	6.800820e-23
 2.350000e+2	1.230000e-23
 3.350000e+2	4.255840e-24
 4.350000e+2	1.943800e-24
 5.350000e+2	1.044860e-24
 6.350000e+2	6.248830e-25
 7.350000e+2	4.029560e-25
 8.350000e+2	2.748280e-25
 9.350000e+2	1.957430e-25
 1.000000e+3	1.600010e-25
-----------------------------

EXCITATION
N <-> N(2P)
 3.567600e+0  1.500000e+0
SPECIES: e / N
PROCESS: E + N <-> E + N(2P), Excitation
PARAM.:  E = 3.5676 eV, g1/g0 = 1.5
COMMENT: [e + N(4S) <-> e + N(2P), Excitation] Wang Y, Zatsarinny O and Bartschat K 2014 Phys.
COMMENT: Rev. A 89 062714 extended up to 1000eV.
UPDATED: 2018-01-01 12:37:08
COLUMNS: Energy (eV) | Cross section (m2)
-----------------------------
 3.567600e+0	0.000000e+0
 3.578160e+0	5.184040e-24
 3.591760e+0	1.760810e-23
 3.605370e+0	3.250170e-23
 3.618970e+0	5.073550e-23
 3.632580e+0	7.099570e-23
 3.646180e+0	9.286800e-23
 3.659790e+0	1.160420e-22
 3.673390e+0	1.402780e-22
 3.687000e+0	1.653820e-22
 3.700600e+0	1.911940e-22
 3.714210e+0	2.175800e-22
 3.727810e+0	2.444280e-22
 3.741420e+0	2.716400e-22
 3.755020e+0	2.991350e-22
 3.768630e+0	3.268390e-22
 3.782230e+0	3.546910e-22
 3.795840e+0	3.826340e-22
 3.809440e+0	4.106200e-22
 3.823050e+0	4.386050e-22
 3.836650e+0	4.665510e-22
 3.850260e+0	4.944250e-22
 3.863870e+0	5.221940e-22
 3.877470e+0	5.498360e-22
 3.891080e+0	5.773190e-22
 3.904680e+0	6.046300e-22
 3.918290e+0	6.317440e-22
 3.931890e+0	6.586380e-22
 3.945500e+0	6.853130e-22
 3.959100e+0	7.117450e-22
 3.972710e+0	7.379180e-22
 3.986310e+0	7.638330e-22
 3.999920e+0	7.894710e-22
 4.013520e+0	8.148240e-22
 4.027130e+0	8.399020e-22
 4.040730e+0	8.646730e-22
 4.054340e+0	8.891530e-22
 4.067940e+0	9.133180e-22
 4.081550e+0	9.372050e-22
 4.095150e+0	9.607600e-22
 4.108760e+0	9.840150e-22
 4.122360e+0	1.006950e-21
 4.135970e+0	1.029590e-21
 4.149570e+0	1.051910e-21
 4.163180e+0	1.073920e-21
 4.176780e+0	1.095620e-21
 4.190390e+0	1.117020e-21
 4.203990e+0	1.138090e-21
 4.217600e+0	1.158860e-21
 4.231200e+0	1.179340e-21
 4.244810e+0	1.199510e-21
 4.258410e+0	1.219370e-21
 4.272020e+0	1.238940e-21
 4.285620e+0	1.258210e-21
 4.299230e+0	1.277190e-21
 4.312840e+0	1.295870e-21
 4.326440e+0	1.314260e-21
 4.340050e+0	1.332370e-21
 4.353650e+0	1.350200e-21
 4.367260e+0	1.367740e-21
 4.380860e+0	1.385010e-21
 4.394470e+0	1.402000e-21
 4.408070e+0	1.418730e-21
 4.421680e+0	1.435180e-21
 4.435280e+0	1.451370e-21
 4.448890e+0	1.467290e-21
 4.462490e+0	1.482950e-21
 4.476100e+0	1.498370e-21
 4.489700e+0	1.513530e-21
 4.503310e+0	1.528430e-21
 4.516910e+0	1.543100e-21
 4.530520e+0	1.557500e-21
 4.544120e+0	1.571680e-21
 4.557730e+0	1.585600e-21
 4.571330e+0	1.599310e-21
 4.584940e+0	1.612790e-21
 4.598540e+0	1.626020e-21
 4.612150e+0	1.639030e-21
 4.625750e+0	1.651820e-21
 4.639360e+0	1.664390e-21
 4.652960e+0	1.676740e-21
 4.666570e+0	1.688890e-21
 4.680170e+0	1.700810e-21
 4.693780e+0	1.712540e-21
 4.707380e+0	1.724060e-21
 4.720990e+0	1.735380e-21
 4.734600e+0	1.746490e-21
 4.748200e+0	1.757420e-21
 4.761810e+0	1.768150e-21
 4.775410e+0	1.778680e-21
 4.789020e+0	1.789040e-21
 4.802620e+0	1.799210e-21
 4.816230e+0	1.809190e-21
 4.829830e+0	1.819000e-21
 4.843440e+0	1.828630e-21
 4.857040e+0	1.838090e-21
 4.870650e+0	1.847380e-21
 4.884250e+0	1.856480e-21
 4.897860e+0	1.865440e-21
 4.911460e+0	1.874220e-21
 4.925070e+0	1.882860e-21
 4.938670e+0	1.891320e-21
 4.952280e+0	1.899630e-21
 4.965880e+0	1.907800e-21
 4.979490e+0	1.915800e-21
 4.993090e+0	1.923670e-21
 5.006700e+0	1.931380e-21
 5.020300e+0	1.938960e-21
 5.033910e+0	1.946370e-21
 5.047510e+0	1.953670e-21
 5.061120e+0	1.960810e-21
 5.074720e+0	1.967830e-21
 5.088330e+0	1.974710e-21
 5.101930e+0	1.981450e-21
 5.115540e+0	1.988070e-21
 5.129140e+0	1.994560e-21
 5.142750e+0	2.000930e-21
 5.156360e+0	2.007170e-21
 5.169960e+0	2.013270e-21
 5.183570e+0	2.019280e-21
 5.197170e+0	2.025160e-21
 5.210780e+0	2.030930e-21
 5.224380e+0	2.036580e-21
 5.237990e+0	2.042120e-21
 5.251590e+0	2.047550e-21
 5.265200e+0	2.052860e-21
 5.278800e+0	2.058080e-21
 5.292410e+0	2.063190e-21
 5.306010e+0	2.068180e-21
 5.319620e+0	2.073090e-21
 5.333220e+0	2.077870e-21
 5.346830e+0	2.082560e-21
 5.360430e+0	2.087170e-21
 5.374040e+0	2.091660e-21
 5.387640e+0	2.096070e-21
 5.401250e+0	2.100370e-21
 5.414850e+0	2.104580e-21
 5.428460e+0	2.108700e-21
 5.442060e+0	2.112740e-21
 5.455670e+0	2.116680e-21
 5.469270e+0	2.120530e-21
 5.482880e+0	2.124300e-21
 5.496480e+0	2.127990e-21
 5.510090e+0	2.131600e-21
 5.523690e+0	2.135110e-21
 5.537300e+0	2.138530e-21
 5.550900e+0	2.141890e-21
 5.564510e+0	2.145160e-21
 5.578120e+0	2.148360e-21
 5.591720e+0	2.151470e-21
 5.605330e+0	2.154520e-21
 5.618930e+0	2.157480e-21
 5.632540e+0	2.160380e-21
 5.646140e+0	2.163200e-21
 5.659750e+0	2.165960e-21
 5.673350e+0	2.168630e-21
 5.686960e+0	2.171250e-21
 5.700560e+0	2.173780e-21
 5.714170e+0	2.176250e-21
 5.727770e+0	2.178670e-21
 5.741380e+0	2.181010e-21
 5.754980e+0	2.183260e-21
 5.768590e+0	2.185480e-21
 5.782190e+0	2.187630e-21
 5.795800e+0	2.189720e-21
 5.809400e+0	2.191750e-21
 5.823010e+0	2.193730e-21
 5.836610e+0	2.195650e-21
 5.850220e+0	2.197490e-21
 5.863820e+0	2.199300e-21
 5.877430e+0	2.201030e-21
 5.891030e+0	2.202720e-21
 5.904640e+0	2.204350e-21
 5.918240e+0	2.205940e-21
 5.931850e+0	2.207450e-21
 5.945450e+0	2.208930e-21
 5.959060e+0	2.210360e-21
 5.972660e+0	2.211730e-21
 5.986270e+0	2.213050e-21
 5.999870e+0	2.214320e-21
 6.013480e+0	2.215550e-21
 6.027090e+0	2.216730e-21
 6.040690e+0	2.217870e-21
 6.054300e+0	2.218950e-21
 6.067900e+0	2.220000e-21
 6.081510e+0	2.220990e-21
 6.095110e+0	2.221950e-21
 6.108720e+0	2.222860e-21
 6.122320e+0	2.223730e-21
 6.135930e+0	2.224550e-21
 6.149530e+0	2.225330e-21
 6.163140e+0	2.226080e-21
 6.176740e+0	2.226800e-21
 6.190350e+0	2.227460e-21
 6.203950e+0	2.228100e-21
 6.217560e+0	2.228680e-21
 6.231160e+0	2.229230e-21
 6.244770e+0	2.229750e-21
 6.258370e+0	2.230240e-21
 6.271980e+0	2.230680e-21
 6.285580e+0	2.231080e-21
 6.299190e+0	2.231450e-21
 6.312790e+0	2.231790e-21
 6.326400e+0	2.232100e-21
 6.340000e+0	2.232380e-21
 6.353610e+0	2.232620e-21
 6.367210e+0	2.232830e-21
 6.380820e+0	2.233010e-21
 6.394420e+0	2.233160e-21
 6.408030e+0	2.233280e-21
 6.421630e+0	2.233370e-21
 6.435240e+0	2.233430e-21
 6.448850e+0	2.233460e-21
 6.462450e+0	2.233460e-21
 6.476060e+0	2.233430e-21
 6.489660e+0	2.233380e-21
 6.503270e+0	2.233290e-21
 6.516870e+0	2.233180e-21
 6.530480e+0	2.233040e-21
 6.544080e+0	2.232890e-21
 6.557690e+0	2.232690e-21
 6.571290e+0	2.232490e-21
 6.584900e+0	2.232250e-21
 6.598500e+0	2.231980e-21
 6.612110e+0	2.231690e-21
 6.625710e+0	2.231380e-21
 6.639320e+0	2.231040e-21
 6.652920e+0	2.230690e-21
 6.666530e+0	2.230310e-21
 6.680130e+0	2.229910e-21
 6.693740e+0	2.229480e-21
 6.707340e+0	2.229030e-21
 6.720950e+0	2.228560e-21
 6.734550e+0	2.228070e-21
 6.748160e+0	2.227560e-21
 6.761760e+0	2.227030e-21
 6.775370e+0	2.226480e-21
 6.788970e+0	2.225900e-21
 6.802580e+0	2.225310e-21
 6.816180e+0	2.224700e-21
 6.829790e+0	2.224070e-21
 6.843390e+0	2.223420e-21
 6.857000e+0	2.222750e-21
 6.870610e+0	2.222060e-21
 6.884210e+0	2.221360e-21
 6.897820e+0	2.220650e-21
 6.911420e+0	2.219890e-21
 6.925030e+0	2.219140e-21
 6.938630e+0	2.218360e-21
 6.952240e+0	2.217570e-21
 6.965840e+0	2.216770e-21
 6.979450e+0	2.215950e-21
 6.993050e+0	2.215100e-21
 7.006660e+0	2.214250e-21
 7.020260e+0	2.213380e-21
 7.033870e+0	2.212510e-21
 7.047470e+0	2.211610e-21
 7.061080e+0	2.210700e-21
 7.074680e+0	2.209770e-21
 7.088290e+0	2.208830e-21
 7.101890e+0	2.207880e-21
 7.115500e+0	2.206900e-21
 7.129100e+0	2.205920e-21
 7.142710e+0	2.204930e-21
 7.156310e+0	2.203920e-21
 7.169920e+0	2.202890e-21
 7.183520e+0	2.201870e-21
 7.197130e+0	2.200810e-21
 7.210730e+0	2.199760e-21
 7.224340e+0	2.198690e-21
 7.237940e+0	2.197600e-21
 7.251550e+0	2.196510e-21
 7.265150e+0	2.195410e-21
 7.278760e+0	2.194300e-21
 7.292370e+0	2.193170e-21
 7.305970e+0	2.192030e-21
 7.319580e+0	2.190890e-21
 7.333180e+0	2.189720e-21
 7.346790e+0	2.188560e-21
 7.360390e+0	2.187380e-21
 7.374000e+0	2.186190e-21
 7.387600e+0	2.184990e-21
 7.401210e+0	2.183790e-21
 7.414810e+0	2.182570e-21
 7.428420e+0	2.181350e-21
 7.442020e+0	2.180120e-21
 7.455630e+0	2.178880e-21
 7.469230e+0	2.177630e-21
 7.482840e+0	2.176360e-21
 7.496440e+0	2.175090e-21
 7.510050e+0	2.173820e-21
 7.523650e+0	2.172530e-21
 7.537260e+0	2.171240e-21
 7.550860e+0	2.169940e-21
 7.564470e+0	2.168640e-21
 7.578070e+0	2.167320e-21
 7.591680e+0	2.166010e-21
 7.605280e+0	2.164680e-21
 7.618890e+0	2.163340e-21
 7.632490e+0	2.161990e-21
 7.646100e+0	2.160650e-21
 7.659700e+0	2.159300e-21
 7.673310e+0	2.157930e-21
 7.686910e+0	2.156560e-21
 7.700520e+0	2.155190e-21
 7.714120e+0	2.153810e-21
 7.727730e+0	2.152430e-21
 7.741340e+0	2.151040e-21
 7.754940e+0	2.149640e-21
 7.768550e+0	2.148240e-21
 7.782150e+0	2.146850e-21
 7.795760e+0	2.145430e-21
 7.809360e+0	2.144020e-21
 7.822970e+0	2.142590e-21
 7.836570e+0	2.141170e-21
 7.850180e+0	2.139740e-21
 7.863780e+0	2.138310e-21
 7.877390e+0	2.136870e-21
 7.890990e+0	2.135430e-21
 7.904600e+0	2.133980e-21
 7.918200e+0	2.132530e-21
 7.931810e+0	2.131080e-21
 7.945410e+0	2.129620e-21
 7.959020e+0	2.128160e-21
 7.972620e+0	2.126690e-21
 7.986230e+0	2.125230e-21
 7.999830e+0	2.123760e-21
 8.013440e+0	2.122290e-21
 8.027040e+0	2.120810e-21
 8.040650e+0	2.119330e-21
 8.054250e+0	2.117850e-21
 8.067860e+0	2.116360e-21
 8.081460e+0	2.114880e-21
 8.095070e+0	2.113390e-21
 8.108670e+0	2.111890e-21
 8.122280e+0	2.110400e-21
 8.135880e+0	2.108900e-21
 8.149490e+0	2.107410e-21
 8.163100e+0	2.105910e-21
 8.176700e+0	2.104410e-21
 8.190310e+0	2.102910e-21
 8.203910e+0	2.101400e-21
 8.217520e+0	2.099900e-21
 8.231120e+0	2.098390e-21
 8.244730e+0	2.096880e-21
 8.258330e+0	2.095370e-21
 8.271940e+0	2.093860e-21
 8.285540e+0	2.092350e-21
 8.299150e+0	2.090840e-21
 8.312750e+0	2.089330e-21
 8.326360e+0	2.087820e-21
 8.339960e+0	2.086310e-21
 8.353570e+0	2.084790e-21
 8.367170e+0	2.083280e-21
 8.380780e+0	2.081770e-21
 8.394380e+0	2.080250e-21
 8.407990e+0	2.078750e-21
 8.421590e+0	2.077230e-21
 8.435200e+0	2.075730e-21
 8.448800e+0	2.074210e-21
 8.462410e+0	2.072700e-21
 8.476010e+0	2.071190e-21
 8.489620e+0	2.069680e-21
 8.503220e+0	2.068180e-21
 8.516830e+0	2.066670e-21
 8.530430e+0	2.065170e-21
 8.544040e+0	2.063670e-21
 8.557640e+0	2.062170e-21
 8.571250e+0	2.060670e-21
 8.584860e+0	2.059170e-21
 8.598460e+0	2.057680e-21
 8.612070e+0	2.056190e-21
 8.625670e+0	2.054700e-21
 8.639280e+0	2.053210e-21
 8.652880e+0	2.051730e-21
 8.666490e+0	2.050250e-21
 8.680090e+0	2.048770e-21
 8.693700e+0	2.047300e-21
 8.707300e+0	2.045830e-21
 8.720910e+0	2.044360e-21
 8.734510e+0	2.042900e-21
 8.748120e+0	2.041450e-21
 8.761720e+0	2.039990e-21
 8.775330e+0	2.038540e-21
 8.788930e+0	2.037090e-21
 8.802540e+0	2.035650e-21
 8.816140e+0	2.034220e-21
 8.829750e+0	2.032790e-21
 8.843350e+0	2.031370e-21
 8.856960e+0	2.029950e-21
 8.870560e+0	2.028550e-21
 8.884170e+0	2.027150e-21
 8.897770e+0	2.025750e-21
 8.911380e+0	2.024360e-21
 8.924980e+0	2.022980e-21
 8.938590e+0	2.021600e-21
 8.952190e+0	2.020230e-21
 8.965800e+0	2.018880e-21
 8.979400e+0	2.017540e-21
 8.993010e+0	2.016200e-21
 9.006610e+0	2.014870e-21
 9.020220e+0	2.013550e-21
 9.033830e+0	2.012240e-21
 9.047430e+0	2.010950e-21
 9.061040e+0	2.009670e-21
 9.074640e+0	2.008400e-21
 9.088250e+0	2.007140e-21
 9.101850e+0	2.005900e-21
 9.115460e+0	2.004660e-21
 9.129060e+0	2.003450e-21
 9.142670e+0	2.002250e-21
 9.156270e+0	2.001070e-21
 9.169880e+0	1.999900e-21
 9.183480e+0	1.998760e-21
 9.197090e+0	1.997620e-21
 9.210690e+0	1.996510e-21
 9.224300e+0	1.995430e-21
 9.237900e+0	1.994360e-21
 9.251510e+0	1.993320e-21
 9.265110e+0	1.992300e-21
 9.278720e+0	1.991310e-21
 9.292320e+0	1.990340e-21
 9.305930e+0	1.989400e-21
 9.319530e+0	1.988500e-21
 9.333140e+0	1.987620e-21
 9.346740e+0	1.986780e-21
 9.360350e+0	1.985980e-21
 9.373950e+0	1.985210e-21
 9.387560e+0	1.984480e-21
 9.401160e+0	1.983800e-21
 9.414770e+0	1.983150e-21
 9.428370e+0	1.982560e-21
 9.441980e+0	1.982020e-21
 9.455590e+0	1.981530e-21
 9.469190e+0	1.981100e-21
 9.482800e+0	1.980740e-21
 9.496400e+0	1.980440e-21
 9.510010e+0	1.980200e-21
 9.523610e+0	1.980060e-21
 9.537220e+0	1.979980e-21
 9.550820e+0	1.980000e-21
 9.564430e+0	1.980110e-21
 9.578030e+0	1.980330e-21
 9.591640e+0	1.980650e-21
 9.605240e+0	1.981100e-21
 9.618850e+0	1.981680e-21
 9.632450e+0	1.982400e-21
 9.646060e+0	1.983300e-21
 9.659660e+0	1.984340e-21
 9.673270e+0	1.985580e-21
 9.686870e+0	1.987040e-21
 9.700480e+0	1.988720e-21
 9.714080e+0	1.990660e-21
 9.727690e+0	1.992880e-21
 9.741290e+0	1.995420e-21
 9.754900e+0	1.998310e-21
 9.768500e+0	2.001610e-21
 9.782110e+0	2.005370e-21
 9.795710e+0	2.009640e-21
 9.809320e+0	2.014510e-21
 9.822920e+0	2.020060e-21
 9.836530e+0	2.026420e-21
 9.850130e+0	2.033700e-21
 9.863740e+0	2.042090e-21
 9.877350e+0	2.051800e-21
 9.890950e+0	2.063090e-21
 9.904560e+0	2.076310e-21
 9.918160e+0	2.091930e-21
 9.931770e+0	2.110540e-21
 9.945370e+0	2.133030e-21
 9.958980e+0	2.160590e-21
 9.972580e+0	2.194940e-21
 9.986190e+0	2.238780e-21
 9.999790e+0	2.296350e-21
 1.001340e+1	2.374870e-21
 1.002700e+1	2.487580e-21
 1.004060e+1	2.661630e-21
 1.005420e+1	2.961760e-21
 1.006780e+1	3.582100e-21
 1.008140e+1	5.295480e-21
 1.009500e+1	3.995500e-21
 1.010860e+1	3.958450e-22
 1.012220e+1	7.477000e-22
 1.013580e+1	1.015130e-21
 1.014940e+1	1.181920e-21
 1.016310e+1	1.292460e-21
 1.017670e+1	1.370240e-21
 1.019030e+1	1.427600e-21
 1.020390e+1	1.471450e-21
 1.021750e+1	1.505950e-21
 1.023110e+1	1.533700e-21
 1.024470e+1	1.556470e-21
 1.025830e+1	1.575450e-21
 1.027190e+1	1.591470e-21
 1.028550e+1	1.605190e-21
 1.029910e+1	1.617060e-21
 1.031270e+1	1.627470e-21
 1.032630e+1	1.636710e-21
 1.033990e+1	1.645030e-21
 1.035350e+1	1.652680e-21
 1.036710e+1	1.659890e-21
 1.038070e+1	1.666970e-21
 1.039430e+1	1.674400e-21
 1.040790e+1	1.683360e-21
 1.043520e+1	1.698350e-21
 1.044880e+1	1.692620e-21
 1.046240e+1	1.687930e-21
 1.047600e+1	1.683760e-21
 1.048960e+1	1.680090e-21
 1.050320e+1	1.676840e-21
 1.051680e+1	1.673900e-21
 1.053040e+1	1.671230e-21
 1.054400e+1	1.668770e-21
 1.055760e+1	1.666460e-21
 1.057120e+1	1.664290e-21
 1.058480e+1	1.662240e-21
 1.059840e+1	1.660290e-21
 1.061200e+1	1.658430e-21
 1.062560e+1	1.656670e-21
 1.063920e+1	1.654980e-21
 1.065280e+1	1.653380e-21
 1.066640e+1	1.651830e-21
 1.068000e+1	1.650350e-21
 1.069370e+1	1.648890e-21
 1.070730e+1	1.647450e-21
 1.072090e+1	1.645970e-21
 1.073450e+1	1.644390e-21
 1.074810e+1	1.642640e-21
 1.076170e+1	1.640800e-21
 1.077530e+1	1.646110e-21
 1.078890e+1	1.641250e-21
 1.080250e+1	1.633130e-21
 1.081610e+1	1.625190e-21
 1.082970e+1	1.617620e-21
 1.084330e+1	1.610120e-21
 1.085690e+1	1.602430e-21
 1.087050e+1	1.594150e-21
 1.088410e+1	1.585310e-21
 1.089770e+1	1.575440e-21
 1.091130e+1	1.563900e-21
 1.092490e+1	1.549390e-21
 1.093850e+1	1.527860e-21
 1.095220e+1	1.449130e-21
 1.096580e+1	1.438260e-21
 1.097940e+1	1.436130e-21
 1.099300e+1	1.434800e-21
 1.100660e+1	1.433390e-21
 1.102020e+1	1.431850e-21
 1.103380e+1	1.430260e-21
 1.104740e+1	1.428710e-21
 1.106100e+1	1.427250e-21
 1.107460e+1	1.425930e-21
 1.108820e+1	1.424780e-21
 1.110180e+1	1.423810e-21
 1.111540e+1	1.423020e-21
 1.112900e+1	1.422410e-21
 1.114260e+1	1.421980e-21
 1.115620e+1	1.421700e-21
 1.116980e+1	1.421560e-21
 1.118340e+1	1.421550e-21
 1.119700e+1	1.421640e-21
 1.121070e+1	1.421820e-21
 1.122430e+1	1.422080e-21
 1.123790e+1	1.422400e-21
 1.125150e+1	1.422760e-21
 1.126510e+1	1.423170e-21
 1.127870e+1	1.423600e-21
 1.129230e+1	1.424060e-21
 1.130590e+1	1.424530e-21
 1.131950e+1	1.424990e-21
 1.133310e+1	1.425460e-21
 1.134670e+1	1.425930e-21
 1.136030e+1	1.426380e-21
 1.137390e+1	1.426810e-21
 1.138750e+1	1.427220e-21
 1.140110e+1	1.427600e-21
 1.141470e+1	1.427940e-21
 1.142830e+1	1.428230e-21
 1.144190e+1	1.428470e-21
 1.145550e+1	1.428640e-21
 1.146910e+1	1.428720e-21
 1.148280e+1	1.428720e-21
 1.149640e+1	1.428620e-21
 1.151000e+1	1.428380e-21
 1.152360e+1	1.427990e-21
 1.153720e+1	1.427400e-21
 1.155080e+1	1.426600e-21
 1.156440e+1	1.425500e-21
 1.157800e+1	1.424050e-21
 1.159160e+1	1.422060e-21
 1.160520e+1	1.419380e-21
 1.161880e+1	1.414540e-21
 1.163240e+1	1.407820e-21
 1.164600e+1	1.398050e-21
 1.165960e+1	1.380620e-21
 1.167320e+1	1.365110e-21
 1.168680e+1	1.349140e-21
 1.170040e+1	1.333300e-21
 1.171400e+1	1.318110e-21
 1.172760e+1	1.304120e-21
 1.174130e+1	1.291950e-21
 1.175490e+1	1.282310e-21
 1.176850e+1	1.275910e-21
 1.178210e+1	1.273430e-21
 1.179570e+1	1.290950e-21
 1.180930e+1	1.305360e-21
 1.182290e+1	1.311340e-21
 1.183650e+1	1.323590e-21
 1.185010e+1	1.334050e-21
 1.186370e+1	1.343010e-21
 1.187730e+1	1.350820e-21
 1.189090e+1	1.356680e-21
 1.190450e+1	1.365730e-21
 1.191810e+1	1.372810e-21
 1.193170e+1	1.379310e-21
 1.194530e+1	1.384910e-21
 1.195890e+1	1.389200e-21
 1.197250e+1	1.391820e-21
 1.198610e+1	1.391420e-21
 1.199970e+1	1.386820e-21
 1.201340e+1	1.378800e-21
 1.202700e+1	1.368970e-21
 1.204060e+1	1.352520e-21
 1.205420e+1	1.346450e-21
 1.206780e+1	1.342110e-21
 1.208140e+1	1.339640e-21
 1.209500e+1	1.337820e-21
 1.210860e+1	1.336320e-21
 1.212220e+1	1.334950e-21
 1.213580e+1	1.333640e-21
 1.214940e+1	1.331830e-21
 1.216300e+1	1.329580e-21
 1.217660e+1	1.328190e-21
 1.219020e+1	1.326020e-21
 1.220380e+1	1.323990e-21
 1.221740e+1	1.322060e-21
 1.223100e+1	1.320330e-21
 1.224460e+1	1.318810e-21
 1.225820e+1	1.317380e-21
 1.227190e+1	1.316130e-21
 1.228550e+1	1.315090e-21
 1.229910e+1	1.314360e-21
 1.231270e+1	1.314000e-21
 1.232630e+1	1.313830e-21
 1.233990e+1	1.311220e-21
 1.235350e+1	1.300570e-21
 1.236710e+1	1.294480e-21
 1.238070e+1	1.294260e-21
 1.239430e+1	1.294150e-21
 1.240790e+1	1.293640e-21
 1.242150e+1	1.292650e-21
 1.243510e+1	1.291520e-21
 1.244870e+1	1.290300e-21
 1.246230e+1	1.289040e-21
 1.247590e+1	1.287720e-21
 1.248950e+1	1.286410e-21
 1.250310e+1	1.285100e-21
 1.251670e+1	1.283780e-21
 1.253040e+1	1.282460e-21
 1.254400e+1	1.281120e-21
 1.255760e+1	1.279780e-21
 1.257120e+1	1.278420e-21
 1.258480e+1	1.277010e-21
 1.259840e+1	1.275570e-21
 1.261200e+1	1.274050e-21
 1.262560e+1	1.272410e-21
 1.263920e+1	1.270610e-21
 1.265280e+1	1.268710e-21
 1.266640e+1	1.267870e-21
 1.268000e+1	1.277840e-21
 1.269360e+1	1.290610e-21
 1.270720e+1	1.283610e-21
 1.272080e+1	1.278630e-21
 1.273440e+1	1.275680e-21
 1.274800e+1	1.273770e-21
 1.276160e+1	1.272450e-21
 1.277520e+1	1.271580e-21
 1.278880e+1	1.271090e-21
 1.280250e+1	1.271010e-21
 1.281610e+1	1.271400e-21
 1.282970e+1	1.273060e-21
 1.284330e+1	1.275400e-21
 1.285690e+1	1.276190e-21
 1.287050e+1	1.276840e-21
 1.288410e+1	1.275980e-21
 1.289770e+1	1.272850e-21
 1.291130e+1	1.263230e-21
 1.292490e+1	1.253660e-21
 1.293850e+1	1.246310e-21
 1.295210e+1	1.244300e-21
 1.296570e+1	1.245130e-21
 1.297930e+1	1.245690e-21
 1.299290e+1	1.247510e-21
 1.300650e+1	1.248260e-21
 1.302010e+1	1.250350e-21
 1.303370e+1	1.249050e-21
 1.304730e+1	1.247010e-21
 1.306100e+1	1.242900e-21
 1.307460e+1	1.237780e-21
 1.308820e+1	1.238150e-21
 1.310180e+1	1.237290e-21
 1.311540e+1	1.236470e-21
 1.312900e+1	1.236210e-21
 1.314260e+1	1.234140e-21
 1.315620e+1	1.232770e-21
 1.316980e+1	1.231320e-21
 1.318340e+1	1.229770e-21
 1.319700e+1	1.230040e-21
 1.321060e+1	1.228480e-21
 1.322420e+1	1.224550e-21
 1.323780e+1	1.223430e-21
 1.325140e+1	1.225080e-21
 1.326500e+1	1.224550e-21
 1.327860e+1	1.227110e-21
 1.330580e+1	1.234110e-21
 1.331950e+1	1.233660e-21
 1.333310e+1	1.235080e-21
 1.334670e+1	1.233210e-21
 1.336030e+1	1.229810e-21
 1.337390e+1	1.229120e-21
 1.338750e+1	1.226820e-21
 1.340110e+1	1.226170e-21
 1.341470e+1	1.226440e-21
 1.342830e+1	1.223210e-21
 1.344190e+1	1.222080e-21
 1.345550e+1	1.217330e-21
 1.346910e+1	1.219490e-21
 1.348270e+1	1.218490e-21
 1.349630e+1	1.216530e-21
 1.350990e+1	1.213560e-21
 1.352350e+1	1.208920e-21
 1.353710e+1	1.205220e-21
 1.355070e+1	1.195900e-21
 1.356430e+1	1.185840e-21
 1.357790e+1	1.176800e-21
 1.359160e+1	1.171290e-21
 1.360520e+1	1.168070e-21
 1.361880e+1	1.170100e-21
 1.363240e+1	1.173700e-21
 1.364600e+1	1.179830e-21
 1.365960e+1	1.186310e-21
 1.367320e+1	1.190460e-21
 1.370040e+1	1.189120e-21
 1.371400e+1	1.191170e-21
 1.375480e+1	1.183720e-21
 1.376840e+1	1.182340e-21
 1.378200e+1	1.186810e-21
 1.379560e+1	1.187000e-21
 1.380920e+1	1.185790e-21
 1.382280e+1	1.187420e-21
 1.383640e+1	1.186510e-21
 1.385010e+1	1.187140e-21
 1.386370e+1	1.185600e-21
 1.387730e+1	1.183470e-21
 1.389090e+1	1.182410e-21
 1.390450e+1	1.180990e-21
 1.391810e+1	1.180190e-21
 1.393170e+1	1.181330e-21
 1.394530e+1	1.181790e-21
 1.395890e+1	1.179770e-21
 1.397250e+1	1.179230e-21
 1.398610e+1	1.179950e-21
 1.399970e+1	1.180100e-21
 1.401330e+1	1.178830e-21
 1.402690e+1	1.178180e-21
 1.404050e+1	1.177390e-21
 1.405410e+1	1.176550e-21
 1.406770e+1	1.176200e-21
 1.408130e+1	1.175430e-21
 1.409490e+1	1.173890e-21
 1.410850e+1	1.172190e-21
 1.412220e+1	1.171960e-21
 1.413580e+1	1.169620e-21
 1.414940e+1	1.166770e-21
 1.416300e+1	1.164440e-21
 1.417660e+1	1.164190e-21
 1.419020e+1	1.161580e-21
 1.420380e+1	1.160970e-21
 1.421740e+1	1.160880e-21
 1.423100e+1	1.159620e-21
 1.424460e+1	1.160080e-21
 1.425820e+1	1.157630e-21
 1.427180e+1	1.152680e-21
 1.428540e+1	1.151690e-21
 1.429900e+1	1.152760e-21
 1.431260e+1	1.151410e-21
 1.432620e+1	1.150380e-21
 1.433980e+1	1.149590e-21
 1.435340e+1	1.147050e-21
 1.436700e+1	1.146840e-21
 1.438070e+1	1.145330e-21
 1.439430e+1	1.142930e-21
 1.440790e+1	1.143450e-21
 1.442150e+1	1.139930e-21
 1.443510e+1	1.138440e-21
 1.444870e+1	1.137370e-21
 1.446230e+1	1.136360e-21
 1.447590e+1	1.135490e-21
 1.448950e+1	1.134810e-21
 1.450310e+1	1.135400e-21
 1.451670e+1	1.135240e-21
 1.453030e+1	1.134450e-21
 1.454390e+1	1.134390e-21
 1.455750e+1	1.132370e-21
 1.457110e+1	1.131600e-21
 1.458470e+1	1.130650e-21
 1.459830e+1	1.130790e-21
 1.461190e+1	1.131000e-21
 1.462550e+1	1.130490e-21
 1.463920e+1	1.129330e-21
 1.465280e+1	1.128080e-21
 1.466640e+1	1.126860e-21
 1.468000e+1	1.124930e-21
 1.469360e+1	1.127640e-21
 1.470720e+1	1.126390e-21
 1.472080e+1	1.124270e-21
 1.473440e+1	1.123100e-21
 1.474800e+1	1.122270e-21
 1.476160e+1	1.122600e-21
 1.477520e+1	1.122060e-21
 1.478880e+1	1.121290e-21
 1.480240e+1	1.124480e-21
 1.481600e+1	1.124210e-21
 1.482960e+1	1.122040e-21
 1.484320e+1	1.120580e-21
 1.485680e+1	1.119790e-21
 1.487040e+1	1.119800e-21
 1.488400e+1	1.117700e-21
 1.489760e+1	1.116110e-21
 1.491130e+1	1.114460e-21
 1.492490e+1	1.113410e-21
 1.493850e+1	1.112370e-21
 1.495210e+1	1.112160e-21
 1.496570e+1	1.111390e-21
 1.497930e+1	1.109790e-21
 1.499290e+1	1.110640e-21
 1.500650e+1	1.108920e-21
 1.502010e+1	1.106400e-21
 1.503370e+1	1.100770e-21
 1.504730e+1	1.102070e-21
 1.506090e+1	1.099880e-21
 1.507450e+1	1.099480e-21
 1.508810e+1	1.097760e-21
 1.510170e+1	1.096020e-21
 1.511530e+1	1.094430e-21
 1.512890e+1	1.093600e-21
 1.514250e+1	1.091300e-21
 1.515610e+1	1.089470e-21
 1.516980e+1	1.088870e-21
 1.518340e+1	1.086370e-21
 1.519700e+1	1.084260e-21
 1.521060e+1	1.082700e-21
 1.522420e+1	1.081660e-21
 1.523780e+1	1.081030e-21
 1.525140e+1	1.079870e-21
 1.526500e+1	1.079500e-21
 1.527860e+1	1.079030e-21
 1.529220e+1	1.077270e-21
 1.530580e+1	1.075890e-21
 1.531940e+1	1.076020e-21
 1.533300e+1	1.078920e-21
 1.534660e+1	1.077440e-21
 1.536020e+1	1.075080e-21
 1.537380e+1	1.074780e-21
 1.538740e+1	1.074430e-21
 1.540100e+1	1.075840e-21
 1.541460e+1	1.074160e-21
 1.542820e+1	1.073550e-21
 1.544190e+1	1.073550e-21
 1.545550e+1	1.073560e-21
 1.546910e+1	1.073010e-21
 1.548270e+1	1.073380e-21
 1.550990e+1	1.074140e-21
 1.552350e+1	1.074280e-21
 1.553710e+1	1.072760e-21
 1.555070e+1	1.070910e-21
 1.556430e+1	1.070560e-21
 1.557790e+1	1.071000e-21
 1.559150e+1	1.071100e-21
 1.560510e+1	1.069420e-21
 1.561870e+1	1.070210e-21
 1.563230e+1	1.069860e-21
 1.564590e+1	1.070850e-21
 1.565950e+1	1.070160e-21
 1.567310e+1	1.069170e-21
 1.568670e+1	1.068300e-21
 1.570040e+1	1.067770e-21
 1.571400e+1	1.067730e-21
 1.572760e+1	1.068080e-21
 1.574120e+1	1.066990e-21
 1.575480e+1	1.065780e-21
 1.576840e+1	1.066890e-21
 1.578200e+1	1.066780e-21
 1.579560e+1	1.061820e-21
 1.580920e+1	1.061720e-21
 1.582280e+1	1.054910e-21
 1.583640e+1	1.047360e-21
 1.585000e+1	1.038410e-21
 1.586360e+1	1.043520e-21
 1.587720e+1	1.050370e-21
 1.589080e+1	1.056190e-21
 1.590440e+1	1.058640e-21
 1.591800e+1	1.057670e-21
 1.593160e+1	1.057810e-21
 1.594520e+1	1.059210e-21
 1.595890e+1	1.058860e-21
 1.597250e+1	1.059420e-21
 1.598610e+1	1.058830e-21
 1.599970e+1	1.056040e-21
 1.601330e+1	1.052140e-21
 1.602690e+1	1.050890e-21
 1.604050e+1	1.048370e-21
 1.605410e+1	1.047260e-21
 1.606770e+1	1.043410e-21
 1.608130e+1	1.041960e-21
 1.609490e+1	1.040670e-21
 1.610850e+1	1.041380e-21
 1.612210e+1	1.039630e-21
 1.613570e+1	1.040130e-21
 1.614930e+1	1.039770e-21
 1.616290e+1	1.035370e-21
 1.617650e+1	1.034140e-21
 1.619010e+1	1.032710e-21
 1.620370e+1	1.032510e-21
 1.621730e+1	1.030960e-21
 1.623100e+1	1.029670e-21
 1.624460e+1	1.027930e-21
 1.625820e+1	1.025680e-21
 1.627180e+1	1.023430e-21
 1.628540e+1	1.022810e-21
 1.629900e+1	1.020490e-21
 1.631260e+1	1.016350e-21
 1.632620e+1	1.011670e-21
 1.633980e+1	1.007570e-21
 1.635340e+1	1.004250e-21
 1.636700e+1	9.985440e-22
 1.639420e+1	9.933540e-22
 1.640780e+1	9.920630e-22
 1.642140e+1	9.900380e-22
 1.643500e+1	9.901380e-22
 1.644860e+1	9.908280e-22
 1.646220e+1	9.930300e-22
 1.647580e+1	9.929390e-22
 1.648950e+1	9.936900e-22
 1.650310e+1	9.939870e-22
 1.651670e+1	9.953100e-22
 1.653030e+1	9.951350e-22
 1.654390e+1	9.960600e-22
 1.655750e+1	9.960360e-22
 1.657110e+1	9.959690e-22
 1.658470e+1	9.967550e-22
 1.659830e+1	9.968840e-22
 1.661190e+1	9.963580e-22
 1.662550e+1	9.971580e-22
 1.663910e+1	9.972910e-22
 1.665270e+1	9.983710e-22
 1.667990e+1	9.964680e-22
 1.669350e+1	9.977310e-22
 1.670710e+1	9.982180e-22
 1.672070e+1	9.990800e-22
 1.673430e+1	9.987890e-22
 1.674800e+1	9.989300e-22
 1.676160e+1	9.967870e-22
 1.677520e+1	9.958130e-22
 1.678880e+1	9.951210e-22
 1.680240e+1	9.938040e-22
 1.681600e+1	9.898660e-22
 1.682960e+1	9.924810e-22
 1.684320e+1	9.912680e-22
 1.685680e+1	9.870380e-22
 1.687040e+1	9.889360e-22
 1.688400e+1	9.890150e-22
 1.689760e+1	9.889530e-22
 1.691120e+1	9.880200e-22
 1.692480e+1	9.872880e-22
 1.693840e+1	9.869170e-22
 1.695200e+1	9.862070e-22
 1.696560e+1	9.851070e-22
 1.697920e+1	9.847400e-22
 1.699280e+1	9.842520e-22
 1.700640e+1	9.824060e-22
 1.702010e+1	9.822350e-22
 1.703370e+1	9.820430e-22
 1.704730e+1	9.796990e-22
 1.706090e+1	9.782450e-22
 1.707450e+1	9.790050e-22
 1.708810e+1	9.798460e-22
 1.710170e+1	9.807890e-22
 1.711530e+1	9.788810e-22
 1.712890e+1	9.759330e-22
 1.714250e+1	9.739470e-22
 1.715610e+1	9.728970e-22
 1.716970e+1	9.705370e-22
 1.718330e+1	9.700080e-22
 1.719690e+1	9.687100e-22
 1.721050e+1	9.684860e-22
 1.722410e+1	9.672820e-22
 1.723770e+1	9.649360e-22
 1.725130e+1	9.651010e-22
 1.726490e+1	9.630390e-22
 1.727860e+1	9.622600e-22
 1.729220e+1	9.611940e-22
 1.730580e+1	9.598770e-22
 1.731940e+1	9.588450e-22
 1.733300e+1	9.540710e-22
 1.734660e+1	9.580590e-22
 1.736020e+1	9.547090e-22
 1.737380e+1	9.547940e-22
 1.738740e+1	9.546740e-22
 1.740100e+1	9.542290e-22
 1.741460e+1	9.533010e-22
 1.742820e+1	9.521440e-22
 1.744180e+1	9.514620e-22
 1.745540e+1	9.498080e-22
 1.746900e+1	9.490350e-22
 1.748260e+1	9.503650e-22
 1.749620e+1	9.487370e-22
 1.750980e+1	9.476450e-22
 1.752340e+1	9.444860e-22
 1.753700e+1	9.432100e-22
 1.755070e+1	9.427050e-22
 1.756430e+1	9.415570e-22
 1.757790e+1	9.405240e-22
 1.759150e+1	9.402660e-22
 1.760510e+1	9.389100e-22
 1.761870e+1	9.384370e-22
 1.763230e+1	9.372350e-22
 1.764590e+1	9.363410e-22
 1.765950e+1	9.349500e-22
 1.767310e+1	9.351760e-22
 1.768670e+1	9.336850e-22
 1.770030e+1	9.328510e-22
 1.771390e+1	9.320590e-22
 1.772750e+1	9.309820e-22
 1.774110e+1	9.283790e-22
 1.775470e+1	9.276720e-22
 1.776830e+1	9.278080e-22
 1.778190e+1	9.251280e-22
 1.779550e+1	9.234950e-22
 1.780920e+1	9.247880e-22
 1.782280e+1	9.238320e-22
 1.783640e+1	9.239160e-22
 1.785000e+1	9.234220e-22
 1.786360e+1	9.224890e-22
 1.787720e+1	9.219310e-22
 1.789080e+1	9.214120e-22
 1.790440e+1	9.210610e-22
 1.791800e+1	9.216290e-22
 1.793160e+1	9.188920e-22
 1.794520e+1	9.212950e-22
 1.795880e+1	9.204450e-22
 1.797240e+1	9.183570e-22
 1.798600e+1	9.167490e-22
 1.799960e+1	9.179240e-22
 1.801320e+1	9.179140e-22
 1.802680e+1	9.173850e-22
 1.804040e+1	9.157350e-22
 1.805400e+1	9.162630e-22
 1.806770e+1	9.167230e-22
 1.808130e+1	9.157170e-22
 1.809490e+1	9.178070e-22
 1.810850e+1	9.172140e-22
 1.812210e+1	9.126530e-22
 1.813570e+1	9.171190e-22
 1.814930e+1	9.156220e-22
 1.816290e+1	9.150320e-22
 1.817650e+1	9.137510e-22
 1.819010e+1	9.130840e-22
 1.820370e+1	9.137840e-22
 1.821730e+1	9.122460e-22
 1.823090e+1	9.107060e-22
 1.824450e+1	9.135570e-22
 1.825810e+1	9.099910e-22
 1.827170e+1	9.097510e-22
 1.828530e+1	9.106850e-22
 1.829890e+1	9.096320e-22
 1.831250e+1	9.067550e-22
 1.832610e+1	9.103210e-22
 1.833980e+1	9.090930e-22
 1.835340e+1	9.087650e-22
 1.836700e+1	9.073680e-22
 1.838060e+1	9.054510e-22
 1.839420e+1	9.058900e-22
 1.840780e+1	9.043130e-22
 1.842140e+1	9.026410e-22
 1.843500e+1	9.019420e-22
 1.844860e+1	9.017920e-22
 1.846220e+1	8.998530e-22
 1.847580e+1	8.989470e-22
 1.848940e+1	8.980540e-22
 1.850300e+1	8.969360e-22
 1.851660e+1	8.958700e-22
 1.853020e+1	8.951320e-22
 1.854380e+1	8.941410e-22
 1.855740e+1	8.927550e-22
 1.857100e+1	8.924790e-22
 1.858460e+1	8.917240e-22
 1.859830e+1	8.919370e-22
 1.861190e+1	8.910510e-22
 1.862550e+1	8.901350e-22
 1.863910e+1	8.912020e-22
 1.865270e+1	8.883810e-22
 1.866630e+1	8.874200e-22
 1.867990e+1	8.866700e-22
 1.869350e+1	8.879070e-22
 1.870710e+1	8.874110e-22
 1.872070e+1	8.876000e-22
 1.873430e+1	8.852530e-22
 1.874790e+1	8.852290e-22
 1.876150e+1	8.834930e-22
 1.877510e+1	8.821290e-22
 1.878870e+1	8.815080e-22
 1.880230e+1	8.807960e-22
 1.881590e+1	8.788440e-22
 1.882950e+1	8.793300e-22
 1.884310e+1	8.778410e-22
 1.885670e+1	8.763220e-22
 1.887040e+1	8.760350e-22
 1.888400e+1	8.750530e-22
 1.889760e+1	8.734650e-22
 1.891120e+1	8.723450e-22
 1.892480e+1	8.704950e-22
 1.893840e+1	8.711100e-22
 1.895200e+1	8.701760e-22
 1.896560e+1	8.676240e-22
 1.897920e+1	8.660230e-22
 1.899280e+1	8.678980e-22
 1.900640e+1	8.675700e-22
 1.902000e+1	8.670080e-22
 1.903360e+1	8.657900e-22
 1.904720e+1	8.653920e-22
 1.906080e+1	8.645010e-22
 1.907440e+1	8.652200e-22
 1.908800e+1	8.641920e-22
 1.910160e+1	8.645440e-22
 1.911520e+1	8.642300e-22
 1.912890e+1	8.639150e-22
 1.914250e+1	8.637320e-22
 1.915610e+1	8.634110e-22
 1.916970e+1	8.610770e-22
 1.918330e+1	8.616240e-22
 1.919690e+1	8.625610e-22
 1.921050e+1	8.601720e-22
 1.922410e+1	8.593990e-22
 1.923770e+1	8.586150e-22
 1.925130e+1	8.597770e-22
 1.926490e+1	8.580610e-22
 1.927850e+1	8.553390e-22
 1.929210e+1	8.568730e-22
 1.930570e+1	8.563410e-22
 1.931930e+1	8.571550e-22
 1.933290e+1	8.543760e-22
 1.934650e+1	8.545270e-22
 1.936010e+1	8.543460e-22
 1.937370e+1	8.541120e-22
 1.938740e+1	8.535470e-22
 1.940100e+1	8.507100e-22
 1.941460e+1	8.524110e-22
 1.942820e+1	8.522640e-22
 1.944180e+1	8.487030e-22
 1.945540e+1	8.472080e-22
 1.946900e+1	8.487940e-22
 1.948260e+1	8.487690e-22
 1.949620e+1	8.474480e-22
 1.950980e+1	8.465410e-22
 1.952340e+1	8.466500e-22
 1.953700e+1	8.458970e-22
 1.955060e+1	8.456710e-22
 1.956420e+1	8.445150e-22
 1.957780e+1	8.436240e-22
 1.959140e+1	8.426060e-22
 1.999960e+1	8.260760e-22
 2.499950e+1	6.333430e-22
 2.999940e+1	4.775200e-22
 3.499930e+1	3.706770e-22
 3.999920e+1	2.880380e-22
 4.499910e+1	2.104200e-22
 4.999900e+1	1.587320e-22
 5.499890e+1	1.243240e-22
 5.999870e+1	1.029470e-22
 6.499860e+1	8.539720e-23
 6.999850e+1	7.142520e-23
 7.499840e+1	6.037630e-23
 7.999830e+1	5.088880e-23
 8.499820e+1	4.343670e-23
 8.999810e+1	3.681560e-23
 9.499800e+1	3.141320e-23
 9.999790e+1	2.698920e-23
 1.049980e+2	2.325330e-23
 1.099980e+2	2.011370e-23
 1.149980e+2	1.748130e-23
 1.199970e+2	1.524300e-23
 1.249970e+2	1.333910e-23
 1.299970e+2	1.172860e-23
 1.349970e+2	1.033970e-23
 2.000000e+2	2.782420e-24
 3.000000e+2	7.183790e-25
 4.000000e+2	2.748600e-25
 5.000000e+2	1.304590e-25
 6.000000e+2	7.096460e-26
 7.000000e+2	4.241000e-26
 8.000000e+2	2.715190e-26
 9.000000e+2	1.832200e-26
 1.000000e+3	1.288730e-26
-----------------------------

EXCITATION
N(2D) <-> N(2P)
 1.100000e+0  6.000000e-1
SPECIES: e / N(2D)
PROCESS: E + N(2D) <-> E + N(2P), Excitation
PARAM.:  E = 1.1 eV, g1/g0 = 0.6
COMMENT: [e + N(2D) <-> e + N(2P), Excitation] 
UPDATED: 2018-01-01 12:37:08
COLUMNS: Energy (eV) | Cross section (m2)
-----------------------------
 1.100000E+00	0.000000E+00
 1.200000E+00	2.380000E-22
 1.300000E+00	1.620000E-21
 1.400000E+00	2.686000E-21
 1.500000E+00	3.485000E-21
 1.600000E+00	4.068000E-21
 1.700000E+00	4.486000E-21
 1.800000E+00	4.788000E-21
 1.900000E+00	5.026000E-21
 2.000000E+00	5.238000E-21
 2.100000E+00	5.420000E-21
 2.200000E+00	5.555000E-21
 2.300000E+00	5.633000E-21
 2.400000E+00	5.670000E-21
 2.500000E+00	5.685000E-21
 2.600000E+00	5.690000E-21
 2.700000E+00	5.691000E-21
 2.800000E+00	5.691000E-21
 2.900000E+00	5.690000E-21
 3.000000E+00	5.686000E-21
 3.100000E+00	5.676000E-21
 3.200000E+00	5.660000E-21
 3.300000E+00	5.642000E-21
 3.400000E+00	5.624000E-21
 3.500000E+00	5.608000E-21
 3.600000E+00	5.592000E-21
 3.700000E+00	5.575000E-21
 3.800000E+00	5.558000E-21
 3.900000E+00	5.543000E-21
 4.000000E+00	5.528000E-21
 4.100000E+00	5.513000E-21
 4.200000E+00	5.494000E-21
 4.300000E+00	5.469000E-21
 4.400000E+00	5.439000E-21
 4.500000E+00	5.406000E-21
 4.600000E+00	5.372000E-21
 4.700000E+00	5.338000E-21
 4.800000E+00	5.307000E-21
 4.900000E+00	5.279000E-21
 5.000000E+00	5.253000E-21
 5.100000E+00	5.230000E-21
 5.200000E+00	5.209000E-21
 5.300000E+00	5.190000E-21
 5.400000E+00	5.171000E-21
 5.500000E+00	5.154000E-21
 5.600000E+00	5.137000E-21
 5.700000E+00	5.121000E-21
 5.800000E+00	5.104000E-21
 5.900000E+00	5.087000E-21
 6.000000E+00	5.069000E-21
 6.100000E+00	5.049000E-21
 6.200000E+00	5.028000E-21
 6.300000E+00	5.005000E-21
 6.400000E+00	4.982000E-21
 6.500000E+00	4.959000E-21
 6.600000E+00	4.937000E-21
 6.700000E+00	4.918000E-21
 6.800000E+00	4.903000E-21
 6.900000E+00	4.893000E-21
 7.000000E+00	4.889000E-21
 7.100000E+00	4.893000E-21
 7.200000E+00	4.898000E-21
 7.300000E+00	4.895000E-21
 7.400000E+00	4.876000E-21
 7.500000E+00	4.872000E-21
 7.600000E+00	4.940000E-21
 7.700000E+00	5.119000E-21
 7.800000E+00	5.349000E-21
 7.900000E+00	5.521000E-21
 8.000000E+00	5.573000E-21
 8.100000E+00	5.662000E-21
 8.200000E+00	6.008000E-21
 8.300000E+00	6.732000E-21
 8.400000E+00	7.656000E-21
 8.500000E+00	8.543000E-21
 8.600000E+00	9.158000E-21
 8.700000E+00	9.265000E-21
 8.800000E+00	8.636000E-21
 8.900000E+00	7.358000E-21
 9.000000E+00	5.956000E-21
 9.100000E+00	4.965000E-21
 9.200000E+00	4.524000E-21
 9.300000E+00	4.395000E-21
 9.400000E+00	4.340000E-21
 9.500000E+00	4.271000E-21
 9.600000E+00	4.204000E-21
 9.700000E+00	4.154000E-21
 9.800000E+00	4.120000E-21
 9.900000E+00	4.091000E-21
 1.000000E+01	4.060000E-21
 1.010000E+01	4.029000E-21
 1.020000E+01	4.003000E-21
 1.030000E+01	3.983000E-21
 1.040000E+01	3.969000E-21
 1.050000E+01	3.956000E-21
 1.060000E+01	3.943000E-21
 1.070000E+01	3.930000E-21
 1.080000E+01	3.915000E-21
 1.090000E+01	3.900000E-21
 1.100000E+01	3.884000E-21
 1.110000E+01	3.868000E-21
 1.120000E+01	3.851000E-21
 1.130000E+01	3.834000E-21
 1.140000E+01	3.817000E-21
 1.150000E+01	3.799000E-21
 1.160000E+01	3.782000E-21
 1.170000E+01	3.765000E-21
 1.180000E+01	3.750000E-21
 1.190000E+01	3.735000E-21
 1.200000E+01	3.722000E-21
 1.210000E+01	3.710000E-21
 1.220000E+01	3.699000E-21
 1.230000E+01	3.688000E-21
 1.240000E+01	3.677000E-21
 1.250000E+01	3.666000E-21
 1.260000E+01	3.654000E-21
 1.270000E+01	3.641000E-21
 1.280000E+01	3.626000E-21
 1.290000E+01	3.610000E-21
 1.300000E+01	3.593000E-21
 1.310000E+01	3.576000E-21
 1.320000E+01	3.561000E-21
 1.330000E+01	3.551000E-21
 1.340000E+01	3.548000E-21
 1.350000E+01	3.553000E-21
 1.360000E+01	3.564000E-21
 1.370000E+01	3.580000E-21
 1.380000E+01	3.598000E-21
 1.390000E+01	3.614000E-21
 1.400000E+01	3.624000E-21
 1.410000E+01	3.633000E-21
 1.420000E+01	3.643000E-21
 1.430000E+01	3.659000E-21
 1.440000E+01	3.677000E-21
 1.450000E+01	3.693000E-21
 1.460000E+01	3.702000E-21
 1.470000E+01	3.692000E-21
 1.480000E+01	3.655000E-21
 1.490000E+01	3.591000E-21
 1.500000E+01	3.516000E-21
 1.510000E+01	3.450000E-21
 1.520000E+01	3.399000E-21
 1.530000E+01	3.359000E-21
 1.540000E+01	3.321000E-21
 1.550000E+01	3.285000E-21
 1.560000E+01	3.251000E-21
 1.570000E+01	3.223000E-21
 1.580000E+01	3.197000E-21
 1.590000E+01	3.170000E-21
 1.600000E+01	3.138000E-21
 1.610000E+01	3.104000E-21
 1.620000E+01	3.074000E-21
 1.630000E+01	3.053000E-21
 1.640000E+01	3.038000E-21
 1.650000E+01	3.026000E-21
 1.660000E+01	3.012000E-21
 1.670000E+01	2.995000E-21
 1.680000E+01	2.974000E-21
 1.690000E+01	2.948000E-21
 1.700000E+01	2.922000E-21
 1.710000E+01	2.898000E-21
 1.720000E+01	2.878000E-21
 1.730000E+01	2.862000E-21
 1.740000E+01	2.849000E-21
 1.750000E+01	2.837000E-21
 1.760000E+01	2.825000E-21
 1.770000E+01	2.814000E-21
 1.780000E+01	2.802000E-21
 1.790000E+01	2.789000E-21
 1.800000E+01	2.776000E-21
 1.810000E+01	2.762000E-21
 1.820000E+01	2.748000E-21
 1.830000E+01	2.734000E-21
 1.840000E+01	2.720000E-21
 1.850000E+01	2.706000E-21
 1.860000E+01	2.691000E-21
 1.870000E+01	2.677000E-21
 1.880000E+01	2.663000E-21
 1.890000E+01	2.649000E-21
 1.900000E+01	2.635000E-21
 1.910000E+01	2.622000E-21
 1.920000E+01	2.609000E-21
 1.930000E+01	2.596000E-21
 1.940000E+01	2.584000E-21
 1.950000E+01	2.572000E-21
 1.960000E+01	2.560000E-21
 1.970000E+01	2.549000E-21
 1.980000E+01	2.538000E-21
 1.990000E+01	2.528000E-21
 2.000000E+01	2.517000E-21
 2.010000E+01	2.507000E-21
 2.020000E+01	2.497000E-21
 2.030000E+01	2.487000E-21
 2.040000E+01	2.477000E-21
 2.050000E+01	2.468000E-21
 2.060000E+01	2.459000E-21
 2.070000E+01	2.450000E-21
 2.080000E+01	2.441000E-21
 2.090000E+01	2.432000E-21
 2.100000E+01	2.423000E-21
 2.110000E+01	2.415000E-21
 2.120000E+01	2.406000E-21
 2.130000E+01	2.398000E-21
 2.140000E+01	2.389000E-21
 2.150000E+01	2.381000E-21
 2.160000E+01	2.373000E-21
 2.170000E+01	2.364000E-21
 2.180000E+01	2.356000E-21
 2.190000E+01	2.348000E-21
 2.200000E+01	2.340000E-21
 2.210000E+01	2.332000E-21
 2.220000E+01	2.324000E-21
 2.230000E+01	2.316000E-21
 2.240000E+01	2.307000E-21
 2.250000E+01	2.299000E-21
 2.260000E+01	2.291000E-21
 2.270000E+01	2.283000E-21
 2.280000E+01	2.274000E-21
 2.290000E+01	2.266000E-21
 2.300000E+01	2.257000E-21
 2.310000E+01	2.248000E-21
 2.320000E+01	2.240000E-21
 2.330000E+01	2.231000E-21
 2.340000E+01	2.222000E-21
 2.350000E+01	2.212000E-21
 2.360000E+01	2.203000E-21
 2.370000E+01	2.194000E-21
 2.380000E+01	2.184000E-21
 2.390000E+01	2.174000E-21
 2.400000E+01	2.165000E-21
 2.410000E+01	2.155000E-21
 2.420000E+01	2.145000E-21
 2.430000E+01	2.135000E-21
 2.440000E+01	2.126000E-21
 2.450000E+01	2.116000E-21
 2.460000E+01	2.106000E-21
 2.470000E+01	2.096000E-21
 2.480000E+01	2.086000E-21
 2.490000E+01	2.076000E-21
 2.500000E+01	2.066000E-21
 2.510000E+01	2.057000E-21
 2.520000E+01	2.047000E-21
 2.530000E+01	2.038000E-21
 2.540000E+01	2.028000E-21
 2.550000E+01	2.019000E-21
 2.560000E+01	2.009000E-21
 2.570000E+01	2.000000E-21
 2.580000E+01	1.991000E-21
 2.590000E+01	1.982000E-21
 2.600000E+01	1.974000E-21
 2.610000E+01	1.965000E-21
 2.620000E+01	1.957000E-21
 2.630000E+01	1.949000E-21
 2.640000E+01	1.941000E-21
 2.650000E+01	1.933000E-21
 2.660000E+01	1.926000E-21
 2.670000E+01	1.918000E-21
 2.680000E+01	1.911000E-21
 2.690000E+01	1.904000E-21
 2.700000E+01	1.897000E-21
 2.710000E+01	1.890000E-21
 2.720000E+01	1.883000E-21
 2.730000E+01	1.877000E-21
 2.740000E+01	1.870000E-21
 2.750000E+01	1.864000E-21
 2.760000E+01	1.858000E-21
 2.770000E+01	1.851000E-21
 2.780000E+01	1.845000E-21
 2.790000E+01	1.839000E-21
 2.800000E+01	1.833000E-21
 2.810000E+01	1.827000E-21
 2.820000E+01	1.821000E-21
 2.830000E+01	1.815000E-21
 2.840000E+01	1.809000E-21
 2.850000E+01	1.803000E-21
 2.860000E+01	1.797000E-21
 2.870000E+01	1.791000E-21
 2.880000E+01	1.786000E-21
 2.890000E+01	1.780000E-21
 2.900000E+01	1.774000E-21
 2.910000E+01	1.768000E-21
 2.920000E+01	1.762000E-21
 2.930000E+01	1.755000E-21
 2.940000E+01	1.749000E-21
 2.950000E+01	1.743000E-21
 2.960000E+01	1.737000E-21
 2.970000E+01	1.731000E-21
 2.980000E+01	1.724000E-21
 2.990000E+01	1.718000E-21
 3.000000E+01	1.711000E-21
 3.010000E+01	1.705000E-21
 3.020000E+01	1.699000E-21
 3.030000E+01	1.692000E-21
 3.040000E+01	1.686000E-21
 3.050000E+01	1.679000E-21
 3.060000E+01	1.673000E-21
 3.070000E+01	1.666000E-21
 3.080000E+01	1.659000E-21
 3.090000E+01	1.653000E-21
 3.100000E+01	1.646000E-21
 3.110000E+01	1.639000E-21
 3.120000E+01	1.633000E-21
 3.130000E+01	1.626000E-21
 3.140000E+01	1.619000E-21
 3.150000E+01	1.612000E-21
 3.160000E+01	1.606000E-21
 3.170000E+01	1.599000E-21
 3.180000E+01	1.692000E-21
 3.190000E+01	1.585000E-21
 3.200000E+01	1.579000E-21
 3.210000E+01	1.572000E-21
 3.220000E+01	1.565000E-21
 3.230000E+01	1.558000E-21
 3.240000E+01	1.551000E-21
 3.250000E+01	1.545000E-21
 3.260000E+01	1.538000E-21
 3.270000E+01	1.531000E-21
 3.280000E+01	1.524000E-21
 3.290000E+01	1.517000E-21
 3.300000E+01	1.511000E-21
 3.310000E+01	1.504000E-21
 3.320000E+01	1.497000E-21
 3.330000E+01	1.491000E-21
 3.340000E+01	1.484000E-21
 3.350000E+01	1.477000E-21
 3.360000E+01	1.471000E-21
 3.370000E+01	1.464000E-21
 3.380000E+01	1.458000E-21
 3.390000E+01	1.451000E-21
 3.400000E+01	1.445000E-21
 3.410000E+01	1.438000E-21
 3.420000E+01	1.432000E-21
 3.430000E+01	1.426000E-21
 3.440000E+01	1.420000E-21
 3.450000E+01	1.413000E-21
 3.460000E+01	1.407000E-21
 3.470000E+01	1.401000E-21
 3.480000E+01	1.395000E-21
 3.490000E+01	1.389000E-21
 3.500000E+01	1.383000E-21
 3.510000E+01	1.378900E-21
 3.520000E+01	1.375000E-21
 3.530000E+01	1.371100E-21
 3.540000E+01	1.367200E-21
 3.550000E+01	1.363400E-21
 3.560000E+01	1.359600E-21
 3.570000E+01	1.355700E-21
 3.580000E+01	1.352000E-21
 3.590000E+01	1.348200E-21
 3.600000E+01	1.344400E-21
 3.610000E+01	1.340700E-21
 3.620000E+01	1.337000E-21
 3.630000E+01	1.333300E-21
 3.640000E+01	1.329700E-21
 3.650000E+01	1.326000E-21
 3.660000E+01	1.322400E-21
 3.670000E+01	1.318800E-21
 3.680000E+01	1.315200E-21
 3.690000E+01	1.311700E-21
 3.700000E+01	1.308100E-21
 3.710000E+01	1.304600E-21
 3.720000E+01	1.301100E-21
 3.730000E+01	1.297600E-21
 3.740000E+01	1.294100E-21
 3.750000E+01	1.290700E-21
 3.760000E+01	1.287200E-21
 3.770000E+01	1.283800E-21
 3.780000E+01	1.280400E-21
 3.790000E+01	1.277000E-21
 3.800000E+01	1.273700E-21
 3.810000E+01	1.270300E-21
 3.820000E+01	1.267000E-21
 3.830000E+01	1.263700E-21
 3.840000E+01	1.260400E-21
 3.850000E+01	1.257100E-21
 3.860000E+01	1.253900E-21
 3.870000E+01	1.250600E-21
 3.880000E+01	1.247400E-21
 3.890000E+01	1.244200E-21
 3.900000E+01	1.241000E-21
 3.910000E+01	1.237900E-21
 3.920000E+01	1.234700E-21
 3.930000E+01	1.231600E-21
 3.940000E+01	1.228400E-21
 3.950000E+01	1.225300E-21
 3.960000E+01	1.222200E-21
 3.970000E+01	1.219100E-21
 3.980000E+01	1.216100E-21
 3.990000E+01	1.213000E-21
 4.000000E+01	1.210000E-21
 5.000000E+01	9.680000E-22
 6.000000E+01	8.067000E-22
 7.000000E+01	6.914000E-22
 8.000000E+01	6.050000E-22
 9.000000E+01	5.378000E-22
 1.000000E+02	4.840000E-22
 2.000000E+02	2.420000E-22
 3.000000E+02	1.613000E-22
 4.000000E+02	1.210000E-22
 5.000000E+02	9.680000E-23
 6.000000E+02	8.070000E-23
 7.000000E+02	6.910000E-23
 8.000000E+02	6.050000E-23
 9.000000E+02	5.380000E-23
 1.000000E+03	4.840000E-23
-----------------------------

IONIZATION
N(2D) -> N+
 1.200000e+1
SPECIES: e / N(2D)
PROCESS: E + N(2D) -> E + E + N+, Ionization
PARAM.:  E = 12.00 eV
COMMENT: [e + N(2D) -> e + e + N(+,gnd), Ionization] 
UPDATED: 2017-11-14 13:22:31
COLUMNS: Energy (eV) | Cross section (m2)
-----------------------------
 1.200000E+01	0.000000E+00
 2.216000E+01	9.237367E-21
 3.216000E+01	1.521045E-20
 4.216000E+01	1.861791E-20
 5.216000E+01	2.052018E-20
 6.216000E+01	2.148444E-20
 7.216000E+01	2.199685E-20
 8.216000E+01	2.231140E-20
 9.216000E+01	2.237345E-20
 1.021600E+02	2.211067E-20
 1.121600E+02	2.170700E-20
 1.300000E+02	2.094305E-20
 1.400000E+02	2.048065E-20
 1.500000E+02	2.000374E-20
 1.600000E+02	1.948234E-20
 1.700000E+02	1.896094E-20
 1.800000E+02	1.843954E-20
 1.900000E+02	1.791814E-20
 2.970000E+02	1.376098E-20
 3.970000E+02	1.140207E-20
 4.970000E+02	9.792621E-21
 5.970000E+02	8.617491E-21
 6.970000E+02	7.717706E-21
 7.970000E+02	7.004182E-21
 8.970000E+02	6.422952E-21
 9.970000E+02	5.939316E-21
 1.097000E+03	5.529891E-21
-----------------------------

IONIZATION
N(2P) -> N+
 1.000000e+1
SPECIES: e / N(2P)
PROCESS: E + N(2P) -> E + E + N+, Ionization
PARAM.:  E = 10.00 eV
COMMENT: [e + N(2P) -> e + e + N(+,gnd), Ionization] 
UPDATED: 2017-11-14 13:22:31
COLUMNS: Energy (eV) | Cross section (m2)
-----------------------------
 1.000000E+01	0.000000E+00
 1.100000E+01	3.043554E-23
 1.200000E+01	1.044954E-21
 1.300000E+01	2.059472E-21
 1.400000E+01	3.073990E-21
 2.441400E+01	1.080571E-20
 3.441400E+01	1.562891E-20
 4.441400E+01	1.870453E-20
 5.441400E+01	2.043314E-20
 6.441400E+01	2.134182E-20
 7.441400E+01	2.185983E-20
 8.441400E+01	2.221532E-20
 9.441400E+01	2.222798E-20
 1.044140E+02	2.194751E-20
 1.144140E+02	2.160428E-20
 1.300000E+02	2.098619E-20
 1.400000E+02	2.054019E-20
 1.500000E+02	2.007348E-20
 1.600000E+02	1.956048E-20
 1.700000E+02	1.904748E-20
 1.800000E+02	1.853448E-20
 1.900000E+02	1.802148E-20
 2.960000E+02	1.385588E-20
 3.960000E+02	1.147560E-20
 4.960000E+02	9.852909E-21
 5.960000E+02	8.668773E-21
 6.960000E+02	7.762459E-21
 7.960000E+02	7.043976E-21
 8.960000E+02	6.458845E-21
 9.960000E+02	5.972056E-21
 1.096000E+03	5.560027E-21
-----------------------------
xxxxxxxxxxxxxxxxxxxxxxxxxxxxxxxxxxxxxxxxxxxxxxxxxxxxxxxxxxxxxxxxxxxxxxxxxxxxxxxxxxxxxxxxxxxxxxxxxxxxxxxxxxxxxxxxxxxxxxxx
