2.310432371792E+02 5.980256220196E-03 7.891678059854E-03 4.391501386824E+22 2.800028936472E+21 5.016282103722E+19 7.433443775286E+17 2.609122541515E+15 1.573524288663E+21 2.303222427718E+16 1.330031258688E+12 1.122385599168E+15 1.232663717161E+18 4.079957115964E+16 3.462073432716E+02 3.262224600708E+02 6.226934825463E+01 1.281349537592E+05 3.743286445919E+00 1.488158735953E+15
4.767039940473E+01 1.365885512666E-02 1.402959818186E-02 9.011966143951E+21 6.407049904520E+20 1.005284955434E+19 3.219453567970E+17 1.307578128837E+15 5.878030855637E+20 2.729671169618E+16 1.071346991811E+13 4.565265752914E+14 3.113131016987E+17 2.671351880594E+15 3.368615564363E+02 3.242220697448E+02 8.330792418376E+01 1.599033008434E+05 4.163991343695E+00 8.620432729313E+14
2.198074940036E+02 2.894532799389E-02 8.021567154870E-03 3.031543679030E+22 3.473428594983E+21 1.530834361242E+20 1.038437282801E+18 8.581315385426E+15 5.680560350455E+21 1.828670128363E+17 3.610633156504E+13 1.372207046748E+15 6.383303149181E+17 2.260229941684E+16 4.018338093204E+02 3.350213739941E+02 5.787686507590E+01 1.233822616898E+05 3.715986217501E+00 7.245264749594E+15
1.244368749138E+03 4.889849241407E-02 1.130217549945E-02 1.318610313316E+23 7.512888620214E+21 1.594593638267E+20 1.501991296885E+18 1.039982650935E+16 1.128134219844E+22 8.251916066615E+16 3.377105954858E+11 2.071325057616E+15 2.133962734949E+18 9.511174784592E+16 5.976095799728E+02 3.646633921210E+02 3.976037150600E+01 9.130608263384E+04 3.241957105812E+00 8.329153766534E+15
1.752998676448E+02 3.109632122532E-02 4.666313082823E-03 1.941684707901E+22 2.554195511542E+21 1.791573679962E+20 1.394811746615E+18 2.046315655013E+16 9.332035187883E+21 1.016084488851E+18 1.204720420379E+15 1.768140541775E+15 5.227879967235E+17 1.480622782618E+16 4.034538370491E+02 3.425213449000E+02 6.777282288312E+01 1.424653259282E+05 4.024809316481E+00 1.990114050209E+16
5.120313910399E+02 2.446757084936E-02 1.224562670360E-02 7.586778959382E+22 5.646282797849E+21 1.905881648070E+20 8.715748642943E+17 4.576213847688E+15 4.632431272422E+21 3.073299226669E+16 2.640550752749E+11 1.276197557301E+15 1.258091643673E+18 6.215654426541E+16 4.295504674312E+02 3.346665660219E+02 4.401880707436E+01 9.813408653827E+04 3.363245097571E+00 3.300290096391E+15
6.085396145042E+02 4.768134501629E-02 1.971111758192E-02 7.950931615982E+22 5.103286545305E+21 1.354205623988E+20 6.444247726956E+17 3.668802773315E+15 4.660200483371E+21 2.069000976368E+16 5.890990479605E+10 9.629543736699E+14 1.077468925729E+18 4.325398189496E+16 4.929728869164E+02 3.365274125327E+02 3.949220344641E+01 9.014479732874E+04 3.244552425663E+00 2.704590104090E+15
7.616039638273E+02 2.960709693194E-02 1.106486730547E-02 1.010081015918E+23 6.877622117352E+21 2.337006790555E+20 1.147512635658E+18 6.705743813618E+15 7.056509416809E+21 4.666249664554E+16 2.914560155444E+11 1.644997094674E+15 1.845100311709E+18 8.604915718807E+16 4.789400467736E+02 3.433047710390E+02 4.204566532287E+01 9.490371080812E+04 3.310803470413E+00 5.061048959447E+15
3.334141468027E+01 1.457885133325E-02 5.860087239462E-03 5.255339238075E+21 4.171563258110E+20 1.411980061344E+19 3.947208901170E+17 3.917459724225E+15 1.469989441043E+21 3.178032029556E+17 6.678052745365E+14 6.195236244917E+14 1.455132170984E+17 1.567992132206E+15 3.378123209165E+02 3.257087521686E+02 1.226218617230E+02 2.127141164904E+05 5.082050234245E+00 3.966239473778E+15
5.623023103723E+02 2.650547881922E-02 1.885525658987E-02 8.602221951145E+22 4.820502023552E+21 1.385200565087E+20 5.413676088949E+17 2.516841717247E+15 3.067692540901E+21 9.702727723509E+15 2.018083843604E+10 8.816527390978E+14 1.229927666230E+18 6.187081551423E+16 4.330398957276E+02 3.312048213685E+02 3.999247712763E+01 9.062075242015E+04 3.255746477860E+00 1.634451774877E+15
3.660607757429E+02 4.096175567067E-02 1.305723938720E-02 4.889506637810E+22 4.837731148579E+21 1.805204627937E+20 8.296513735020E+17 5.826887425822E+15 5.438864090814E+21 6.400086206570E+16 1.464441449916E+12 1.172778719536E+15 7.428077405796E+17 2.859854716348E+16 4.467179247433E+02 3.362756248285E+02 4.612505291211E+01 1.025492545695E+05 3.427614427818E+00 4.656512698999E+15
1.140741384317E+02 2.712350413921E-02 1.252431130439E-02 1.841880553736E+22 1.842609638051E+21 5.687756401966E+19 5.914533008696E+17 3.427992983287E+15 2.146083852224E+21 6.075469896540E+16 1.095428824265E+13 7.802843582906E+14 3.686081989454E+17 9.567163444739E+15 3.678109756213E+02 3.273536023438E+02 6.217868762175E+01 1.291810005971E+05 3.784905367348E+00 2.658666955473E+15
5.185139505311E+02 2.169134567154E-02 1.715270999227E-02 8.274751912087E+22 4.776621232147E+21 1.392613514955E+20 5.560577323069E+17 2.489471614443E+15 2.822903975231E+21 9.753522743058E+15 2.593839107253E+10 9.100801045421E+14 1.207212882326E+18 6.452244097509E+16 4.150401976244E+02 3.302386439954E+02 4.119063111043E+01 9.271352037676E+04 3.286713935203E+00 1.579448692757E+15
1.166805283821E+03 4.892998359253E-02 1.343027278271E-02 1.292235814285E+23 6.842115719115E+21 1.439877232338E+20 1.219659899627E+18 7.741447808853E+15 9.129087917259E+21 5.156221051005E+16 1.420407596671E+11 1.726731632153E+15 2.030391538167E+18 8.991028430017E+16 5.814712595207E+02 3.560732693776E+02 3.896036624186E+01 8.959562429509E+04 3.220227978165E+00 6.015014555918E+15
4.566177514566E+02 1.752056495873E-02 1.345487094588E-02 7.465795195162E+22 4.844153295392E+21 1.458086074505E+20 6.767873374587E+17 2.975705306010E+15 3.051551572587E+21 1.563138124726E+16 1.092612760769E+11 1.046618711582E+15 1.201848276119E+18 6.567951891145E+16 3.999122552274E+02 3.303244063835E+02 4.507328854610E+01 9.963973786505E+04 3.383065219602E+00 1.929232853443E+15
7.420405009678E+02 1.703761703858E-02 5.246351723475E-03 9.926240377708E+22 8.515498747436E+21 3.769640059021E+20 2.115019639188E+18 1.411309736264E+16 1.132100697495E+22 1.747069505566E+17 7.252794050786E+12 2.825478914548E+15 2.601496027453E+18 1.310580931990E+17 4.498664250638E+02 3.522313887110E+02 4.974107026287E+01 1.089354670405E+05 3.505910484945E+00 1.129536162749E+16
6.707171222310E+02 4.642986331436E-02 4.148966845790E-03 5.375597666069E+22 7.184118868442E+21 4.451184086751E+20 2.582265708678E+18 4.940479009383E+16 2.556917550364E+22 1.780486045367E+18 4.769026889615E+14 3.527039292007E+15 1.337446923246E+18 3.757635170465E+16 5.587636552547E+02 3.989125292050E+02 5.082466421068E+01 1.155587241393E+05 3.591313613217E+00 4.635507022944E+16
6.449326276984E+02 8.217105778539E-03 9.036490176315E-03 1.130912046282E+23 5.535361925515E+21 1.653109138622E+20 8.650944272267E+17 3.338471386576E+15 3.246145226620E+21 1.500309353207E+16 1.153278614939E+11 1.417857669165E+15 2.519300870169E+18 1.735080385580E+17 3.827677113318E+02 3.307957623207E+02 4.765095954650E+01 1.039909962278E+05 3.431829825346E+00 1.920729449832E+15
6.466009006718E+02 3.213704435665E-02 1.318457155241E-02 8.798876479290E+22 6.117720981587E+21 1.994554805261E+20 9.224941849870E+17 5.236162687810E+15 5.732530925640E+21 3.418593156223E+16 1.877941157394E+11 1.344638520336E+15 1.449305326680E+18 6.598638817172E+16 4.681471058373E+02 3.389220853781E+02 4.178256794530E+01 9.432345973292E+04 3.305411526117E+00 3.892583755538E+15
1.163629625037E+03 4.394056236709E-02 1.386227882552E-02 1.343230413669E+23 6.700377000452E+21 1.503288354933E+20 1.139918383744E+18 6.756862921784E+15 8.194419500951E+21 3.959813187366E+16 8.881569513060E+10 1.648118804496E+15 2.216110458346E+18 9.923909814929E+16 5.642448677699E+02 3.523035730743E+02 3.870405146537E+01 8.895758541848E+04 3.213025086620E+00 5.106795338842E+15
9.314322530906E+02 2.734745184431E-02 6.030124711664E-03 1.078779515368E+23 9.105737077589E+21 3.763348929106E+20 2.205590292501E+18 1.753363560918E+16 1.435847918550E+22 2.199357989793E+17 5.548486804613E+12 2.965225522710E+15 2.540254475655E+18 1.097017708252E+17 5.121894288482E+02 3.658937163591E+02 4.580040316847E+01 1.025592528820E+05 3.411881152830E+00 1.457422330452E+16
4.323647033376E+02 4.280146327273E-02 1.128967763081E-02 5.426153090220E+22 5.479786642051E+21 2.146654781797E+20 1.004563686887E+18 7.904207672336E+15 7.147781618187E+21 9.750757486993E+16 2.557978488212E+12 1.407600410497E+15 8.884090743811E+17 3.348667660420E+16 4.666826053747E+02 3.411530319488E+02 4.590272762116E+01 1.025271478594E+05 3.423684640155E+00 6.504809011495E+15
1.324154176372E+03 4.586629991191E-02 1.868540496046E-02 1.544789137620E+23 5.649889200273E+21 1.036004658912E+20 8.328391275012E+17 4.395001754727E+15 6.223183880063E+21 1.744033255090E+16 1.380578984877E+10 1.309058520577E+15 2.372699280278E+18 1.119418726671E+17 5.761696858037E+02 3.469338772400E+02 3.647011298404E+01 8.457301272002E+04 3.148445632844E+00 3.085978863521E+15
1.280232125543E+03 1.133267769667E-02 1.445415076086E-02 2.085478309176E+23 4.915983666668E+21 1.589169785266E+20 5.664809494405E+17 2.516287965687E+15 3.077536601347E+21 4.061966793792E+15 1.810192516491E+09 1.253370148067E+15 5.329532537066E+18 3.755085307633E+17 4.278939739828E+02 3.328187692068E+02 3.716202583985E+01 8.537445483712E+04 3.164703208766E+00 1.262925616866E+15
7.970051493181E+02 4.839629106697E-02 8.796079237773E-03 8.428281931477E+22 7.429110757751E+21 2.474930923157E+20 1.598201494113E+18 1.470854746589E+16 1.294238470725E+22 1.961484202884E+17 3.831572461482E+12 2.177664380933E+15 1.536561519576E+18 5.700564645697E+16 5.502960329070E+02 3.632136622791E+02 4.368648210431E+01 9.921396258631E+04 3.360279441313E+00 1.253480716530E+16
2.791593913063E+02 6.869966453214E-03 9.357694480652E-03 5.265088897268E+22 3.219189633165E+21 6.434017123756E+19 6.662561947253E+17 2.366874437000E+15 1.618480217606E+21 1.576216138248E+16 4.340036666499E+11 1.052629465832E+15 1.204148057769E+18 4.999951888825E+16 3.513265838278E+02 3.264200074216E+02 5.637949378914E+01 1.185892256471E+05 3.622544322022E+00 1.314783609396E+15
2.666794727747E+02 3.158437212379E-02 1.217714759484E-02 3.886048888767E+22 3.915728963988E+21 1.436210246211E+20 7.719943906540E+17 4.890364639709E+15 4.180685179815E+21 6.046147069240E+16 2.844776175996E+12 1.068061294214E+15 6.292359414607E+17 2.473234626731E+16 4.100951813939E+02 3.323146021003E+02 5.087159312718E+01 1.106094508088E+05 3.537840056729E+00 3.825159685030E+15
9.141014359804E+02 8.661989023861E-03 7.094336619351E-03 1.507380638901E+23 7.208797874699E+21 2.567734728544E+20 1.319564847557E+18 5.447870301484E+15 5.229566073449E+21 2.588217140810E+16 1.744257883387E+11 2.063590531412E+15 3.947732721355E+18 2.847218896682E+17 4.051078694261E+02 3.366771070007E+02 4.586594906012E+01 1.010503654050E+05 3.391407075231E+00 3.384509247313E+15
6.788367186972E+02 3.795194315081E-02 1.119082574607E-02 8.460760707190E+22 6.663395212100E+21 2.270536993827E+20 1.157005159675E+18 7.865911892742E+15 7.956584582096E+21 6.992701477079E+16 6.803715705850E+11 1.625235233204E+15 1.466637981692E+18 6.096970640502E+16 4.943732014798E+02 3.457055817729E+02 4.274123735897E+01 9.652128735617E+04 3.332790140366E+00 6.241388628446E+15
2.878074623424E+02 2.233136948305E-02 5.670155380039E-03 3.858728118285E+22 4.407198081797E+21 2.076845321290E+20 1.463383391654E+18 1.283138224003E+16 8.022474742548E+21 3.002316688060E+17 7.448265001995E+13 1.910347840351E+15 9.818405601291E+17 3.738413319285E+16 4.069996357635E+02 3.401884385578E+02 5.903671881310E+01 1.255885468817E+05 3.745870356252E+00 1.099629705706E+16
2.263052314654E+02 1.850280866578E-02 1.881717082999E-02 3.980829170189E+22 2.802053220204E+21 6.940610786752E+19 3.993216470551E+17 1.581120198786E+15 1.466738121568E+21 9.482396597717E+15 1.358508883428E+11 6.208653600280E+14 5.331934708988E+17 2.259823697003E+16 3.712901174821E+02 3.262482995251E+02 5.000631876704E+01 1.079757647451E+05 3.496577286753E+00 9.610485373558E+14
1.145784652053E+03 2.080376284609E-02 9.766948219023E-03 1.567434167508E+23 7.624844015940E+21 2.632560850286E+20 1.337307371057E+18 6.711916815422E+15 7.287991867534E+21 3.267353194281E+16 9.540968832280E+10 2.009270402064E+15 3.459847821041E+18 1.891351158264E+17 4.827134168895E+02 3.462180856926E+02 4.060060481027E+01 9.205897359226E+04 3.263538481352E+00 4.703861052493E+15
2.853531304917E+02 1.599541486942E-02 1.771108994305E-02 5.038435411642E+22 3.221117490755E+21 8.071911324250E+19 4.197510727254E+17 1.637833921297E+15 1.605421126617E+21 8.346489879548E+15 8.166471073426E+10 6.756245496272E+14 6.909974082700E+17 3.356194103932E+16 3.737989174169E+02 3.266165838235E+02 4.841931816432E+01 1.052298481232E+05 3.457746149647E+00 9.623200945015E+14
7.070558849882E+02 2.787893622023E-02 4.211108300615E-03 7.349153255931E+22 8.452340208721E+21 4.660502694836E+20 2.601532930189E+18 3.077664977319E+16 1.951785341466E+22 7.239963987519E+17 1.002017717381E+14 3.473443999285E+15 2.002285322258E+18 7.286716952792E+16 5.024895580383E+02 3.759645116070E+02 5.140606575976E+01 1.140165281074E+05 3.574650359655E+00 2.740374020075E+16
7.610187746005E+02 3.623700581107E-02 1.933463823899E-02 1.040099851041E+23 5.238669624004E+21 1.385623060355E+20 6.319732662325E+17 3.186164313008E+15 4.269787795531E+21 1.307108544826E+16 1.983151082915E+10 9.979386030079E+14 1.577831860988E+18 7.123359956366E+16 4.849646611245E+02 3.359183432114E+02 3.840041204027E+01 8.792521921697E+04 3.210673431831E+00 2.190138956135E+15
1.190543137433E+03 6.650666954961E-03 1.783905141789E-02 2.174659503392E+23 3.214683175402E+21 8.763846496631E+19 2.638673973872E+17 1.362700535234E+15 1.553565584191E+21 1.087939722883E+15 2.002212742580E+08 8.642988281482E+14 6.619026721964E+18 5.026817020896E+17 3.878529562697E+02 3.276714425556E+02 3.610869886871E+01 8.335254362067E+04 3.132873640940E+00 4.984053662973E+14
1.058784171484E+03 1.824898925309E-02 9.965556690946E-03 1.520417456248E+23 7.315124092889E+21 2.572614116164E+20 1.214844935364E+18 5.821120055814E+15 6.308660513100E+21 2.597994637535E+16 7.263012085620E+10 1.870035123028E+15 3.328361532391E+18 1.927469793681E+17 4.621820599204E+02 3.422279190396E+02 4.082085345189E+01 9.234695629409E+04 3.269317165117E+00 3.951621183530E+15
7.716556576799E+02 3.371517726032E-02 1.492129087836E-02 1.034747415753E+23 6.022857443895E+21 1.778475308346E+20 8.517208976843E+17 4.583018289820E+15 5.500848898919E+21 2.426749160307E+16 7.024360510146E+10 1.274566507880E+15 1.701405818828E+18 7.772769594668E+16 4.852572224238E+02 3.393800431207E+02 3.996395160621E+01 9.093331096732E+04 3.254000641614E+00 3.308393167396E+15
4.748661185703E+02 4.874636387597E-02 1.789327575785E-02 6.246700983548E+22 4.969050048876E+21 1.504935840538E+20 6.762471800424E+17 4.206868271857E+15 4.782520377390E+21 3.077498285292E+16 1.877127725951E+11 9.867083148540E+14 8.347322155153E+17 3.210888063566E+16 4.752595005303E+02 3.358785104751E+02 4.147463622912E+01 9.391416384171E+04 3.302395538274E+00 3.220365254596E+15
4.050513237221E+02 4.981646096398E-02 1.112546048851E-02 4.830305939317E+22 5.258479683531E+21 2.165941375245E+20 1.010968243177E+18 9.095371588294E+15 7.847853199298E+21 1.325015794460E+17 4.817025067095E+12 1.415718780527E+15 7.862501252070E+17 2.742101220911E+16 4.760643457907E+02 3.429507644273E+02 4.642779651390E+01 1.039014305307E+05 3.441764032881E+00 7.691906304921E+15
5.880606802960E+02 1.446693392714E-02 1.029631662644E-02 9.480512949407E+22 5.853429430510E+21 1.905866828004E+20 9.235233604411E+17 4.103165049834E+15 4.088939054991E+21 2.259925628856E+16 1.768676104969E+11 1.400958809811E+15 1.821507268206E+18 1.082359517624E+17 4.058866582247E+02 3.330957797935E+02 4.545188472127E+01 1.003792163794E+05 3.390008766641E+00 2.702784890764E+15
4.801465678605E+01 6.995058738618E-03 1.660783007928E-02 9.808723514655E+21 4.685680663539E+20 4.587734693723E+18 2.022436329617E+17 6.785602508755E+14 2.499650317491E+20 8.151082564695E+15 1.388617927183E+12 3.609565055708E+14 4.033033849104E+17 2.218430936266E+15 3.302191755080E+02 3.236111432817E+02 8.224637354448E+01 1.578868542238E+05 4.106316537775E+00 3.190823036120E+14
9.946068125361E+02 3.379666002205E-02 1.980239883091E-02 1.337868218713E+23 5.194421140085E+21 1.287575644379E+20 6.287703834658E+17 3.052687985803E+15 4.341066021560E+21 9.918295277046E+15 8.137589976975E+09 1.048913437027E+15 2.241591115183E+18 1.056479701833E+17 5.021778891581E+02 3.373661334059E+02 3.706139859010E+01 8.545287441983E+04 3.167664166051E+00 2.003796078954E+15
2.122627894137E+02 3.982808010824E-02 1.732584547143E-02 3.160113451274E+22 3.152348378790E+21 1.065409892650E+20 5.418868710019E+17 3.209382462435E+15 2.915025678984E+21 3.441145379461E+16 1.119166328131E+12 7.664685677879E+14 4.239910360133E+17 1.505251593454E+16 4.069910047325E+02 3.295069158448E+02 4.940595658727E+01 1.077962372386E+05 3.504298373455E+00 2.444080818137E+15
2.098977302210E+02 7.520551610970E-03 4.577278755924E-03 3.612269357795E+22 3.066329399393E+21 7.600286997544E+19 1.343588804572E+18 6.638048822972E+15 3.592315598462E+21 1.362396356272E+17 4.408495207794E+13 1.739894813906E+15 1.350621531249E+18 4.255297715873E+16 3.548192302387E+02 3.299683085961E+02 7.221103274675E+01 1.443865827532E+05 3.974184709849E+00 4.941162142431E+15
1.154241336914E+03 3.434464639706E-02 8.798972517680E-03 1.323518216105E+23 8.334845866881E+21 2.510544362251E+20 1.746518242346E+18 1.172508768235E+16 1.163650780623E+22 9.808063584593E+16 6.560153654121E+11 2.401530627842E+15 2.666697870293E+18 1.187641019630E+17 5.479355192927E+02 3.624219596863E+02 4.156874830233E+01 9.448711241529E+04 3.294216993594E+00 9.324565993226E+15
2.860073698025E+02 1.572565428000E-02 1.530258870837E-02 4.989618620163E+22 3.415686041905E+21 8.866968358013E+19 5.038697818907E+17 2.016523123400E+15 1.889514235093E+21 1.213557358856E+16 1.709105001033E+11 7.776802670151E+14 7.460040592526E+17 3.563168751721E+16 3.746676165989E+02 3.271996307816E+02 4.974640846896E+01 1.075767903720E+05 3.489878062304E+00 1.239798692668E+15
7.700462044633E+02 3.036922666669E-02 5.464837959850E-03 8.452945765382E+22 8.550844904791E+21 3.973713035671E+20 2.231004574158E+18 2.180989740004E+16 1.607666776613E+22 3.742962962714E+17 2.108000048003E+13 2.998079503388E+15 2.029427593173E+18 7.901017588065E+16 5.091246934310E+02 3.685306546353E+02 4.802428642300E+01 1.072094514986E+05 3.478527327023E+00 1.884642146057E+16
6.054810736252E+02 1.154879831297E-02 1.267068845885E-02 1.043151771843E+23 5.026442146653E+21 1.465662065683E+20 6.385386318837E+17 2.576229907351E+15 2.694821537704E+21 9.082419052828E+15 3.094247167376E+10 1.102044429980E+15 1.898744037505E+18 1.236250985916E+17 3.909188910338E+02 3.296961249969E+02 4.360943981283E+01 9.690311406202E+04 3.339661676250E+00 1.474392962584E+15
7.678419309287E+01 4.108091637002E-02 1.062451365685E-02 1.079312268056E+22 1.236937553895E+21 5.555335322103E+19 6.071840652732E+17 5.620963568311E+15 2.855219485249E+21 1.966971453953E+17 1.490534442508E+14 7.639124504815E+14 2.267116958344E+17 4.848501077292E+15 3.722724683363E+02 3.286732287959E+02 7.060805242676E+01 1.443265424821E+05 4.016673854494E+00 5.010602404370E+15
7.225585080383E+02 2.083454613566E-02 7.656436325973E-03 9.941436087957E+22 7.617660457390E+21 2.997568453425E+20 1.522600818887E+18 9.056686492547E+15 8.282570353826E+21 8.004199309266E+16 1.245345950506E+12 2.116201248675E+15 2.145486384235E+18 1.090027020448E+17 4.526699428232E+02 3.451271388907E+02 4.577691571283E+01 1.016333382220E+05 3.406341500019E+00 6.947576393154E+15
9.201436933310E+02 3.931498154568E-02 1.783938368603E-02 1.184437143217E+23 5.642628504361E+21 1.400902363828E+20 7.560627576949E+17 3.969106671124E+15 5.297331630851E+21 1.745962941591E+16 2.566801538099E+10 1.167270922909E+15 1.887517510653E+18 8.402033754886E+16 5.145371837148E+02 3.402429346074E+02 3.810720593592E+01 8.754326246227E+04 3.198558980932E+00 2.803452278605E+15
1.739995066768E+02 1.307508673927E-02 1.888846141388E-02 3.270430233242E+22 2.062678965357E+21 4.115435731267E+19 3.301748900083E+17 1.181163669948E+15 8.986683795285E+20 6.675089290220E+15 1.175210301821E+11 5.414855132375E+14 4.885237323364E+17 1.671259476937E+16 3.529498477765E+02 3.249760755956E+02 5.351900681988E+01 1.137847770930E+05 3.564221334755E+00 6.397981383024E+14
2.224318565109E+02 1.558938110156E-02 1.696965906857E-02 3.987863657596E+22 2.747033286144E+21 6.521853674480E+19 4.236858326385E+17 1.631841828627E+15 1.414882639243E+21 1.008397874347E+16 1.726424406736E+11 6.592007038779E+14 5.806490701049E+17 2.422144161104E+16 3.652731132642E+02 3.260930398231E+02 5.150385805432E+01 1.105371802012E+05 3.526127538339E+00 9.728190017310E+14
8.601279705936E+02 2.946582154873E-02 1.314768216417E-02 1.158843136004E+23 6.479152804231E+21 2.001497088935E+20 9.748415491077E+17 5.165878532214E+15 6.017772702571E+21 2.704984345304E+16 8.073554576620E+10 1.455850716039E+15 2.072589252675E+18 9.949092040896E+16 4.845030673625E+02 3.412139961052E+02 4.019860225952E+01 9.134985577430E+04 3.258820344023E+00 3.707187354281E+15
1.215377780615E+03 3.564156324323E-02 1.883494876784E-02 1.550956903873E+23 5.421313410957E+21 1.234624383974E+20 7.219270022105E+17 3.558844136346E+15 5.074862201465E+21 1.164267224786E+16 8.106382799405E+09 1.199379095363E+15 2.701945161656E+18 1.282855244331E+17 5.312001239399E+02 3.412833641444E+02 3.656818634597E+01 8.459643035454E+04 3.151873198675E+00 2.359496980894E+15
8.884981159648E+02 3.757985816164E-02 1.326696720959E-02 1.111067090047E+23 6.589957038024E+21 1.879674328881E+20 1.050862765162E+18 6.160601270510E+15 7.142222382810E+21 3.835710140015E+16 1.351629832015E+11 1.520596065576E+15 1.905690496969E+18 8.368011430710E+16 5.147126677996E+02 3.455252672459E+02 4.009985911859E+01 9.140607674621E+04 3.256714095880E+00 4.640157539718E+15
6.224818717350E+02 7.320886884907E-03 4.345927502498E-03 1.017903919417E+23 7.296469543623E+21 2.487521941753E+20 1.998739567803E+18 9.266737931352E+15 6.885859342259E+21 9.595217759720E+16 4.859143810539E+12 2.710040832371E+15 3.304258937487E+18 1.957593595808E+17 3.879641703599E+02 3.385581307056E+02 5.523368349937E+01 1.173893891310E+05 3.611594547048E+00 6.561640169234E+15
2.619778579955E+02 4.781420580900E-02 1.220677723976E-02 3.368940076687E+22 3.912797433811E+21 1.680740379315E+20 8.055006179288E+17 6.906324265498E+15 5.613815841230E+21 1.118460198121E+17 7.442676921707E+12 1.119109596230E+15 5.276848682160E+17 1.794636903615E+16 4.373768846821E+02 3.359010742610E+02 4.996774125784E+01 1.099869511675E+05 3.530551091976E+00 5.794713429772E+15
7.379095676511E+02 1.294790687566E-02 9.328686817851E-03 1.181775018448E+23 6.521464288303E+21 2.217844309542E+20 1.054726954880E+18 4.638798393190E+15 4.632716472751E+21 2.262729313682E+16 1.268150998585E+11 1.630311821134E+15 2.497074726955E+18 1.586381823515E+17 4.125428857857E+02 3.350111638594E+02 4.426064661843E+01 9.827704751868E+04 3.358559908236E+00 3.008260688262E+15
1.242395079554E+03 3.438201673346E-02 4.129438740450E-03 1.115549344784E+23 1.056709914366E+22 4.053296318870E+20 3.514229024488E+18 4.216213437387E+16 2.695516982398E+22 8.693812607750E+17 5.406600660968E+13 4.609456663137E+15 2.720546759269E+18 1.021013890764E+17 6.020269222604E+02 4.159217590353E+02 4.708942009419E+01 1.065430594484E+05 3.453588450983E+00 3.760703187276E+16
7.616875525169E+02 2.504660279502E-02 9.810293084437E-03 1.037984182128E+23 7.161558491640E+21 2.573000170868E+20 1.251270407485E+18 7.137355879655E+15 7.199722595144E+21 5.072347731558E+16 3.837914648563E+11 1.787244832748E+15 2.013281247961E+18 9.934910283128E+16 4.658840221239E+02 3.431979969048E+02 4.300095861956E+01 9.657300919357E+04 3.335067797850E+00 5.351042158128E+15
1.078779330825E+03 1.068271792481E-02 1.269222691154E-02 1.794004368594E+23 5.433474529520E+21 1.762453114098E+20 6.604890259476E+17 2.819992623213E+15 3.206989944236E+21 5.845411231478E+15 4.776145294348E+09 1.327565846356E+15 4.189545733715E+18 3.016786100627E+17 4.151282604507E+02 3.324643873821E+02 3.878601124788E+01 8.828694190176E+04 3.212540373378E+00 1.493638315588E+15
1.030363694849E+03 1.203501365463E-02 1.273499371078E-02 1.683101952470E+23 5.618309129563E+21 1.824090950226E+20 7.003569169310E+17 2.995456953820E+15 3.429432891525E+21 7.006948501168E+15 6.878429305227E+09 1.336207396856E+15 3.745111614173E+18 2.590458071201E+17 4.203421629675E+02 3.330687785857E+02 3.908059215448E+01 8.889035220844E+04 3.219306968291E+00 1.659271823820E+15
3.880125026757E+02 2.277390345396E-02 1.042386971183E-02 5.813224099158E+22 5.071530524040E+21 1.789927326644E+20 9.364489752920E+17 5.208113659857E+15 4.734631348497E+21 5.035086632685E+16 1.333800889532E+12 1.311866989232E+15 1.033345102395E+18 4.834665852352E+16 4.125796702831E+02 3.339847752895E+02 4.891685755374E+01 1.068826315839E+05 3.485351558279E+00 3.899386066544E+15
2.818227934352E+02 9.782800001471E-03 1.947467448651E-02 5.377114985978E+22 2.573929450814E+21 5.390005659594E+19 2.826083291969E+17 1.023185996354E+15 9.328714811137E+20 3.522669762679E+15 2.160962106749E+10 5.403785842270E+14 7.208868740371E+17 3.674721715681E+16 3.560365467165E+02 3.251193761742E+02 4.902647871708E+01 1.060992762265E+05 3.460584336952E+00 4.828505498899E+14
4.381816028987E+02 1.134713171194E-02 5.684670146296E-03 6.945542915466E+22 5.831422233059E+21 2.018714247661E+20 1.527171094162E+18 7.956819008910E+15 5.948635765046E+21 9.660799678370E+16 6.394609680644E+12 2.049627896477E+15 1.854672935200E+18 9.505985916682E+16 3.897397605790E+02 3.360440948337E+02 5.546205305502E+01 1.179927865045E+05 3.626687242043E+00 5.913659010477E+15
6.497660224348E+02 2.738976734526E-02 1.681616906879E-02 9.565981495924E+22 5.335543564781E+21 1.585608112374E+20 6.545574893581E+17 3.158443511015E+15 3.836781280773E+21 1.332997402560E+16 3.042849100967E+10 1.035830738383E+15 1.480973987520E+18 7.373599837710E+16 4.482474743034E+02 3.336489260492E+02 3.997874602638E+01 9.069719673122E+04 3.254668769820E+00 2.121622157912E+15
3.039884555580E+02 2.082784618833E-02 6.913519893208E-03 4.376538752962E+22 4.562381741837E+21 1.852694218450E+20 1.260229239246E+18 8.852873624262E+15 6.272678348997E+21 1.525755439390E+17 1.905759048190E+13 1.669716919837E+15 1.002177665036E+18 4.149526725828E+16 4.019156102835E+02 3.365440052142E+02 5.628518596341E+01 1.201928815612E+05 3.666161184823E+00 7.203320079807E+15
1.113276747987E+03 6.444928739358E-03 7.727864980595E-03 1.928898590907E+23 6.491031843658E+21 2.258761739693E+20 1.046759045675E+18 4.135613286198E+15 4.061415307117E+21 1.228011721110E+16 3.416888336197E+10 1.923059963207E+15 5.552401245906E+18 4.549820323793E+17 3.959054778699E+02 3.341031874775E+02 4.361355887254E+01 9.694124414689E+04 3.331377759170E+00 2.212599946010E+15
7.643450135880E+02 4.247253674260E-02 1.363297232752E-02 9.428846165969E+22 6.342680699381E+21 1.841656135880E+20 1.005575744780E+18 6.335961304726E+15 7.154147573227E+21 4.553045955665E+16 2.223105385601E+11 1.436496591615E+15 1.525181637535E+18 6.323050790075E+16 5.127442686460E+02 3.447301653633E+02 4.072791498310E+01 9.269410124230E+04 3.276248483535E+00 4.897985795462E+15
1.153312854528E+03 1.787713227740E-02 7.659990453024E-03 1.579389173709E+23 8.554779619910E+21 3.251031175929E+20 1.700107189311E+18 8.821755134436E+15 8.715835576504E+21 5.178881537393E+16 2.633292119492E+11 2.459707379329E+15 3.789769943410E+18 2.141669738891E+17 4.758813297013E+02 3.499652696971E+02 4.228503809041E+01 9.515516134360E+04 3.309772084332E+00 6.361478112232E+15
1.410598468166E+02 1.649171703833E-02 9.150423729356E-03 2.375517061876E+22 2.190772850850E+21 5.950072489675E+19 7.614282577702E+17 3.933456833833E+15 2.350204663428E+21 6.757650765490E+16 1.286652207687E+13 1.003504945485E+15 5.836952473251E+17 1.637251397269E+16 3.603382652967E+02 3.276930742049E+02 6.482094593384E+01 1.330824854280E+05 3.829851079336E+00 2.943009323534E+15
2.635852137197E+02 9.635088654708E-03 8.212422992698E-03 4.685965366357E+22 3.531982465967E+21 8.539687739528E+19 8.775125210159E+17 3.582335316571E+15 2.474348494376E+21 3.498199736736E+16 1.886559035569E+12 1.245784503360E+15 1.120922390710E+18 4.593781525742E+16 3.605598003290E+02 3.281386171384E+02 5.793568888674E+01 1.214433471341E+05 3.667358269714E+00 2.338630072303E+15
1.152803007139E+03 3.986149541131E-02 1.726467602512E-02 1.420817981778E+23 5.834904902406E+21 1.307709467141E+20 8.402112068672E+17 4.388665906055E+15 5.957052298484E+21 1.816872660979E+16 1.984411148823E+10 1.308984335353E+15 2.359799166608E+18 1.083478732281E+17 5.421652825943E+02 3.441862915056E+02 3.735524829893E+01 8.618043518230E+04 3.174964651137E+00 3.082754811251E+15
1.187561740497E+03 3.104542090447E-02 1.859971637999E-02 1.578075055626E+23 5.342522488461E+21 1.323225341652E+20 6.838935464832E+17 3.277263840368E+15 4.649568272839E+21 9.732698377132E+15 6.385368490794E+09 1.171072449233E+15 2.893226221998E+18 1.416985800351E+17 5.121913065674E+02 3.393097769966E+02 3.663244017035E+01 8.464997667403E+04 3.153690638523E+00 2.106218017475E+15
1.643139064945E+02 4.736863641786E-02 4.396459520481E-03 1.367544965785E+22 2.067926857544E+21 2.221774728253E+20 1.354866350076E+18 3.088432479546E+16 1.212134892479E+22 2.436593298979E+18 4.814279835810E+15 1.751005651618E+15 3.338288174348E+17 7.705403674712E+15 4.239353834223E+02 3.500919243981E+02 6.638154534110E+01 1.433668163186E+05 4.096402963008E+00 3.396200207748E+16
1.295056899216E+03 1.234653277587E-02 8.503374324025E-03 1.957524628032E+23 7.602519578405E+21 2.867546079370E+20 1.326941251512E+18 5.867847274711E+15 6.114067260784E+21 2.078731253509E+16 4.305050765029E+10 2.177227122123E+15 5.064843143360E+18 3.432519957000E+17 4.471833404776E+02 3.421181298313E+02 4.064432232296E+01 9.185405899891E+04 3.262457450021E+00 3.690675818429E+15
1.107634735732E+03 1.390902056135E-02 1.423887207954E-02 1.758524693084E+23 5.384478240219E+21 1.718806800358E+20 6.484383887274E+17 2.828994047428E+15 3.461382531355E+21 6.126589056960E+15 4.432542821487E+09 1.261879747098E+15 3.921437138762E+18 2.578577710120E+17 4.339486036044E+02 3.336484455740E+02 3.804277713648E+01 8.702359726983E+04 3.191111634865E+00 1.567129243514E+15
7.866863446245E+02 1.996408412648E-02 1.009982533105E-02 1.143042578964E+23 6.951470349995E+21 2.450395155034E+20 1.143269758645E+18 5.763721995699E+15 5.962355428362E+21 3.256532842185E+16 1.698307213883E+11 1.693179821286E+15 2.261358889207E+18 1.240804034299E+17 4.470241909574E+02 3.395358441223E+02 4.255014277486E+01 9.549273104568E+04 3.320341087839E+00 4.070803832288E+15
5.170946435605E+02 1.337240038735E-02 1.928932836603E-02 9.155033600772E+22 3.932899815172E+21 1.017921609288E+20 3.655989234452E+17 1.504284849363E+15 1.656904504857E+21 3.527125678014E+15 4.643070712235E+09 7.209278674173E+14 1.324109301075E+18 8.241914866168E+16 3.851488774600E+02 3.271613484140E+02 4.039635344265E+01 9.111146069657E+04 3.258235537600E+00 7.833506844908E+14
3.782258596528E+02 3.769379880348E-02 1.583059663870E-02 5.362708448344E+22 4.657269388008E+21 1.547637851903E+20 6.832247247502E+17 4.024982685359E+15 4.120507050135E+21 3.193844474189E+16 3.447993475181E+11 9.932623602514E+14 7.453809986820E+17 3.055807504204E+16 4.378964144187E+02 3.331800298139E+02 4.412293965844E+01 9.851595634863E+04 3.372364042475E+00 3.032094861514E+15
1.309389921953E+03 4.489439500222E-02 1.839123977487E-02 1.537300777120E+23 5.693594728512E+21 1.073623889648E+20 8.403106781882E+17 4.429134167017E+15 6.227020138779E+21 1.767982348238E+16 1.459483064827E+10 1.318858087035E+15 2.397694571153E+18 1.126888525165E+17 5.721429039853E+02 3.467577845321E+02 3.658407850991E+01 8.478183433402E+04 3.151811562132E+00 3.110310597956E+15
5.389265029824E+02 6.142799805552E-03 1.714909769084E-02 1.042809689116E+23 3.053645992159E+21 7.146008746963E+19 2.633482840140E+17 1.055533534311E+15 1.106675432467E+21 2.060488562319E+15 4.225295348043E+09 6.386927271889E+14 1.800778237692E+18 1.306457686392E+17 3.597166586613E+02 3.256355788305E+02 4.516034497028E+01 9.945829978094E+04 3.364033862109E+00 4.169680258503E+14
1.146957604381E+03 1.107399560033E-02 1.690782487774E-02 1.925315284062E+23 4.287392262456E+21 1.293414299020E+20 4.251708312238E+17 1.926404883865E+15 2.423139738195E+21 2.648047406610E+15 9.250561676841E+08 1.015816824020E+15 4.675385941805E+18 3.281003112386E+17 4.166694057608E+02 3.304600635388E+02 3.674413933955E+01 8.457320541255E+04 3.153296862703E+00 9.106049594209E+14
1.236468141641E+03 2.755190571256E-02 1.683361261318E-02 1.666676195762E+23 5.607994948162E+21 1.487948819957E+20 7.486494290251E+17 3.549289589338E+15 4.855578513397E+21 1.052184704251E+16 7.540601845511E+09 1.282799990882E+15 3.254610025125E+18 1.654387168814E+17 5.051637697026E+02 3.399932966708E+02 3.695233978624E+01 8.522858358592E+04 3.162274296918E+00 2.266510439587E+15
3.384913163623E+02 3.808899528483E-02 5.773106566379E-03 3.640409911279E+22 4.872030647713E+21 2.999182478287E+20 1.539518936555E+18 2.071353927612E+16 1.235542142379E+22 6.200054206694E+17 1.787759109507E+14 2.083322755531E+15 8.454931946367E+17 2.722333939712E+16 4.546441394201E+02 3.519815543220E+02 5.497683570913E+01 1.207081869873E+05 3.683422392368E+00 1.880942975759E+16
1.209094707515E+03 5.871120882071E-03 1.163061034437E-02 2.191952103326E+23 4.638347018043E+21 1.440021798779E+20 5.141400049532E+17 2.299052046885E+15 2.324315711779E+21 3.043370008531E+15 1.561869735644E+09 1.319743926698E+15 6.381815599574E+18 5.359457531480E+17 3.869711868316E+02 3.297360162565E+02 3.869046686081E+01 8.807538989580E+04 3.203420844497E+00 9.790015660327E+14
4.344134544816E+01 4.732682786109E-02 1.032208236137E-02 5.742621653711E+21 6.379725644610E+20 3.389376840809E+19 4.751643216278E+17 5.302548454284E+15 2.303278759274E+21 3.180628404236E+17 5.976664819066E+14 5.828467328279E+14 1.193030029732E+17 1.880324674484E+15 3.610063074861E+02 3.274847570092E+02 8.441601958865E+01 1.658883462700E+05 4.369134159822E+00 5.320343793103E+15
1.653278700743E+02 6.927853698744E-03 7.814613235598E-03 3.110430668828E+22 2.162352862517E+21 3.795053928821E+19 7.235550846275E+17 2.653472223552E+15 1.488974676856E+21 3.330709465702E+16 4.275919552009E+12 1.027953857382E+15 9.644235858094E+17 2.455668814950E+16 3.441903610249E+02 3.259702546114E+02 6.866652518128E+01 1.382443633765E+05 3.875412141337E+00 1.629866825291E+15
6.097234624391E+02 2.924976428934E-02 1.889428712606E-02 9.029568717221E+22 4.982659495254E+21 1.424452290977E+20 5.706798456477E+17 2.728224016271E+15 3.422455182331E+21 1.085184287963E+16 2.126951218278E+10 9.174582240843E+14 1.315565389856E+18 6.395412684736E+16 4.467839530433E+02 3.324420152531E+02 3.955726710532E+01 8.989671347032E+04 3.243914007822E+00 1.810675374200E+15
6.146588043122E+02 4.549368652799E-02 1.514113023422E-02 7.773376112060E+22 5.750793462411E+21 1.725466571824E+20 8.547576155422E+17 5.448875569708E+15 6.138490986493E+21 4.062408867416E+16 2.340030171731E+11 1.229044300577E+15 1.161128920585E+18 4.632280111026E+16 4.957830566762E+02 3.405657676802E+02 4.118279935881E+01 9.350097294926E+04 3.291528063607E+00 4.216439753341E+15
1.277757425646E+03 4.893274818204E-02 1.469050712694E-02 1.416936426942E+23 6.579165533469E+21 1.257014023283E+20 1.135273002761E+18 6.778542658285E+15 8.458725546671E+21 3.875552492555E+16 6.983748794607E+10 1.643516643895E+15 2.169883578047E+18 1.000188733286E+17 5.900037045074E+02 3.549203411785E+02 3.803501546997E+01 8.775401277405E+04 3.193206517346E+00 5.133212062262E+15
5.079238988245E+02 3.746998329032E-02 1.964446581172E-02 7.247203180734E+22 4.809833822570E+21 1.385393821889E+20 5.742163505095E+17 2.988094503859E+15 3.635785957751E+21 1.525416559623E+16 4.778163172601E+10 8.804758816287E+14 9.672478285098E+17 4.204208168824E+16 4.538628071481E+02 3.327703633682E+02 4.037069790739E+01 9.151764246357E+04 3.269508580189E+00 2.107671611219E+15
6.473282056512E+02 4.711406458230E-02 1.258550178974E-02 7.749231578770E+22 6.256361977583E+21 1.987754593179E+20 1.056463150102E+18 7.659451083401E+15 7.925720606251E+21 7.169967206643E+16 6.746838906939E+11 1.483470136135E+15 1.240083600763E+18 4.792491340030E+16 5.103283305725E+02 3.459920420551E+02 4.220606209165E+01 9.571976243822E+04 3.319777321815E+00 6.173661357745E+15
7.235204641934E+02 3.168480988403E-02 8.202992839211E-03 8.850582810244E+22 7.569420422831E+21 2.948810550906E+20 1.544586226172E+18 1.142668230727E+16 1.026320884567E+22 1.255513705323E+17 2.323008540966E+12 2.123640279244E+15 1.779626381468E+18 7.573851551430E+16 4.914479776054E+02 3.519496739331E+02 4.487197215577E+01 1.006087542868E+05 3.389460936396E+00 9.305492549916E+15
6.100978942932E+02 4.650273855676E-02 7.200303617932E-03 6.299238890703E+22 6.961893037441E+21 3.102651691470E+20 1.674984172829E+18 1.912005603847E+16 1.428453214280E+22 3.637160541458E+17 2.110175480958E+13 2.297903497584E+15 1.266824136646E+18 4.293937591525E+16 5.226603869449E+02 3.632779683959E+02 4.694552043014E+01 1.058557243372E+05 3.458151855486E+00 1.684545977856E+16
6.420379265937E+02 3.078009492599E-02 1.969298555295E-02 9.379867351372E+22 4.951420658034E+21 1.381648209157E+20 5.573543587535E+17 2.673787660563E+15 3.464920456676E+21 1.022933579529E+16 1.705261282629E+10 9.020297037459E+14 1.369377935936E+18 6.549006632568E+16 4.543292583427E+02 3.327732920559E+02 3.903389885792E+01 8.895524772064E+04 3.229247215129E+00 1.772520253807E+15
7.040505525818E+02 5.865332333815E-03 1.361663098210E-02 1.331996381329E+23 3.796611557220E+21 9.928285963472E+19 3.810568931855E+17 1.518369438052E+15 1.611152893260E+21 3.105570333658E+15 6.174733874087E+09 8.783324313095E+14 2.828247764829E+18 2.198552300741E+17 3.676352996490E+02 3.269631486354E+02 4.440123763463E+01 9.817411117417E+04 3.346329631794E+00 6.401241010236E+14
8.179179079617E+02 1.951801874384E-02 1.042719660114E-02 1.196427801950E+23 6.887630545727E+21 2.397240078443E+20 1.103390390449E+18 5.433091348463E+15 5.728715209135E+21 2.824559385886E+16 1.211471576324E+11 1.658559103888E+15 2.371074104153E+18 1.322811601314E+17 4.471064138673E+02 3.390914105902E+02 4.200019599828E+01 9.445755624444E+04 3.305306729712E+00 3.774697594487E+15
9.775589186731E+02 3.203655384745E-02 4.523775493263E-03 9.599007477929E+22 9.655856428156E+21 4.344812709991E+20 2.898634534749E+18 3.270878995074E+16 2.197322211958E+22 6.494550634674E+17 4.403848765237E+13 3.849503672100E+15 2.426203492669E+18 8.973127919296E+16 5.529634351726E+02 3.912930476486E+02 4.792713317738E+01 1.076947157234E+05 3.477893762585E+00 2.890651561983E+16
1.003353221194E+03 4.623373458380E-02 5.048863103619E-03 8.690759870071E+22 8.933519417157E+21 3.390203614533E+20 2.762106868007E+18 3.758498501218E+16 2.428330061767E+22 8.496243189800E+17 5.812722115457E+13 3.684812000050E+15 1.877226619268E+18 6.465151009049E+16 6.033064640646E+02 4.045878468877E+02 4.656607847467E+01 1.061282682133E+05 3.446025860675E+00 3.395842083407E+16
1.236523197350E+03 2.615260671567E-02 1.647571908580E-02 1.685896627952E+23 5.637473427767E+21 1.536649688055E+20 7.519507362621E+17 3.538790400516E+15 4.799017230373E+21 1.029106140553E+16 7.441528490266E+09 1.296801409122E+15 3.354349164114E+18 1.733983746677E+17 4.998297394522E+02 3.396734403274E+02 3.704034942704E+01 8.537580323719E+04 3.164655268179E+00 2.242009130202E+15
9.914984704656E+02 2.996809012093E-02 1.479573858563E-02 1.328204036451E+23 6.166705484362E+21 1.754475895662E+20 8.791304261945E+17 4.433778919913E+15 5.569839601393E+21 1.877429608749E+16 3.124803648689E+10 1.367496596481E+15 2.403344217989E+18 1.166118808663E+17 4.961770792323E+02 3.409029747908E+02 3.875730205242E+01 8.866900445745E+04 3.215452393069E+00 3.067212509354E+15
2.734286413358E+02 3.104440133174E-02 1.008160665205E-02 3.840555518582E+22 4.104548162205E+21 1.647616699999E+20 9.197947558031E+17 6.575344385390E+15 5.209595977531E+21 9.913882873955E+16 7.470080810839E+12 1.252354982113E+15 6.893199967549E+17 2.668011577939E+16 4.135957018289E+02 3.345365464846E+02 5.247512486801E+01 1.137475431461E+05 3.580885388933E+00 5.330681243241E+15
1.264735442768E+03 1.555214390455E-02 1.541963328312E-02 1.938915949925E+23 5.184482461311E+21 1.625904095405E+20 6.239608168624E+17 2.779598325196E+15 3.599367008478E+21 5.473074407719E+15 2.796764165293E+09 1.252017740609E+15 4.518578058772E+18 2.839196484448E+17 4.516042044009E+02 3.348551955640E+02 3.700116643389E+01 8.513967574346E+04 3.161615927711E+00 1.527609777213E+15
8.539970859158E+02 1.651334657445E-02 1.976473203413E-02 1.389924792131E+23 4.393878167295E+21 1.236397571542E+20 4.170090306729E+17 1.832296205104E+15 2.430466789031E+21 3.490395136029E+15 1.924240744714E+09 8.536631377569E+14 2.545279381761E+18 1.560598341966E+17 4.238286680180E+02 3.300652844701E+02 3.737199465691E+01 8.574423390766E+04 3.174613204004E+00 9.794362164702E+14
1.267115051323E+03 4.537672812021E-02 1.609131866310E-02 1.462906656964E+23 6.199030559669E+21 1.228623473046E+20 9.901812853437E+17 5.505179687827E+15 7.236234864364E+21 2.654033282938E+16 3.432992580891E+10 1.484951715569E+15 2.309994241538E+18 1.068516641956E+17 5.741391237968E+02 3.500863580385E+02 3.747723252142E+01 8.655752003170E+04 3.177551143947E+00 4.022188841686E+15
2.403226746905E+02 9.825737307684E-03 1.617247935845E-02 4.558102404564E+22 2.558407109686E+21 5.194693505566E+19 3.681822244965E+17 1.306615033719E+15 1.045074699585E+21 6.176083308190E+15 7.583333782416E+10 6.363679318678E+14 7.066261665607E+17 3.043484989956E+16 3.535284260039E+02 3.253032620583E+02 5.206585651649E+01 1.113308701586E+05 3.529015063016E+00 6.703280592388E+14
3.897938741259E+01 1.969028374962E-02 1.232576713883E-02 6.876627485069E+21 5.649140711839E+20 1.225948138444E+19 3.537580424353E+17 1.935850928806E+15 8.469273463013E+20 6.404197767952E+16 5.421725630876E+13 4.771010643054E+14 2.208905898567E+17 2.029425241603E+15 3.401736507847E+02 3.246761593481E+02 9.000918673946E+01 1.700551221573E+05 4.330895759247E+00 1.514011269266E+15
9.268210302614E+02 4.053987958639E-02 6.851735558737E-03 9.595774435370E+22 8.496604580665E+21 3.051695077548E+20 2.070034630326E+18 1.973146130880E+16 1.597655825588E+22 2.873909682437E+17 7.501671251486E+12 2.784246678286E+15 1.987169071359E+18 7.596957320025E+16 5.560091869858E+02 3.737845133945E+02 4.470393416096E+01 1.012205098501E+05 3.386679320936E+00 1.695510380047E+16
3.771511756356E+02 1.814824973864E-02 8.641230207724E-03 5.801550315254E+22 5.078179465147E+21 1.781971891542E+20 1.065994586554E+18 5.777943280757E+15 4.888569516870E+21 6.239393949627E+16 2.563645100008E+12 1.466336089237E+15 1.167196710857E+18 5.603555565713E+16 4.007826522429E+02 3.339740406515E+02 5.179223409572E+01 1.117933284334E+05 3.550315917450E+00 4.315496787123E+15
2.756109679057E+01 3.937749021354E-02 8.056375923829E-03 3.428687997345E+21 3.356496242697E+20 2.082676344246E+19 3.760233890652E+17 4.974432875659E+15 1.947706415627E+21 5.437132700219E+17 1.595320061542E+15 4.920716459844E+14 6.299707253760E+16 8.148614354198E+14 3.484558243566E+02 3.267174161405E+02 1.082711748953E+02 1.983560413604E+05 4.976538513590E+00 6.079369170397E+15
1.242311368736E+03 5.729151467561E-03 1.547201315889E-02 2.292553710628E+23 3.444309957873E+21 9.637715620462E+19 3.039908109905E+17 1.550418857812E+15 1.652552679492E+21 1.294197228705E+15 2.818940376728E+08 9.862942242796E+14 7.345985822320E+18 5.837239273763E+17 3.837836989066E+02 3.279403661028E+02 3.667923579821E+01 8.439671873737E+04 3.148190247659E+00 5.636449969971E+14
8.962704009672E+02 3.893326124881E-02 1.466713860896E-02 1.126438190376E+23 6.277745360813E+21 1.695526545820E+20 9.492353212217E+17 5.385666624318E+15 6.541547629264E+21 3.039994111861E+16 8.162656379208E+10 1.395400753254E+15 1.869249091247E+18 8.199952431736E+16 5.167109595181E+02 3.438813274993E+02 3.942178741897E+01 9.009043175972E+04 3.237826436531E+00 3.990944188846E+15
1.257993313498E+03 3.418985358027E-02 1.369808872817E-02 1.547862673106E+23 6.653792218059E+21 1.669989989924E+20 1.087288027338E+18 5.765471385684E+15 7.170541428460E+21 2.658466664321E+16 4.105911326731E+10 1.647149084779E+15 2.876841920209E+18 1.367920577014E+17 5.398505574055E+02 3.486680649839E+02 3.826179052302E+01 8.790528531165E+04 3.199559400969E+00 4.118383127273E+15
4.009883220459E+02 4.627809507471E-02 7.364251561586E-03 4.309172609228E+22 5.449351149006E+21 2.897326218393E+20 1.382245795716E+18 1.697372557787E+16 1.173461475188E+22 3.938477384174E+17 4.884592431163E+13 1.908029950092E+15 8.645788491663E+17 2.807760701448E+16 4.795614626684E+02 3.523059903700E+02 5.037072339876E+01 1.122371700507E+05 3.555506152887E+00 1.511537290401E+16
5.393386356105E+01 4.208415411223E-02 1.728910051156E-02 8.643506209364E+21 8.811846977830E+20 2.775503408222E+19 3.790274948310E+17 2.431742965876E+15 1.313584670051E+21 6.047802251231E+16 2.572307990410E+13 4.851947014107E+14 1.772496499142E+17 2.739486148497E+15 3.595187348570E+02 3.256610517313E+02 7.003678211614E+01 1.418627808194E+05 3.959903093878E+00 1.970751960479E+15
8.358728975388E+02 2.711594301935E-02 1.302473443318E-02 1.155004468237E+23 6.426161552271E+21 2.031333363742E+20 9.511231018404E+17 4.902224260449E+15 5.672711989390E+21 2.465947217858E+16 7.322610932697E+10 1.434068813513E+15 2.078931091698E+18 1.031002407223E+17 4.737101943878E+02 3.398322256146E+02 4.036655720439E+01 9.159182776613E+04 3.263284674927E+00 3.468346111728E+15
1.184664954634E+03 7.105569943827E-03 1.736994200534E-02 2.140771137960E+23 3.421696715051E+21 9.590240094125E+19 2.919046066061E+17 1.460589798816E+15 1.684752362675E+21 1.286836002270E+15 2.702615114570E+08 9.012677410565E+14 6.244617103958E+18 4.757700574928E+17 3.912932501974E+02 3.280691151430E+02 3.629409378786E+01 8.369822091024E+04 3.138423595713E+00 5.593265094201E+14
1.867212007659E+01 2.117666556436E-02 4.202810238907E-03 2.067557707040E+21 1.389165567984E+20 1.050533757788E+19 2.103553399216E+17 5.212287886610E+15 1.813313672856E+21 1.083182647476E+18 3.793474004735E+15 4.184975545997E+14 1.985167507418E+16 2.745203086125E+14 3.371026083730E+02 3.265043684886E+02 1.808450282720E+02 2.775015805201E+05 6.780462787261E+00 8.587002396258E+15
2.937680902447E+02 2.915610976916E-02 1.029931744873E-02 4.199561381791E+22 4.304399081077E+21 1.662972014124E+20 9.140988911858E+17 6.118468184792E+15 5.032643235946E+21 8.291696523981E+16 4.860840426114E+12 1.251421435865E+15 7.447186455127E+17 3.005649510082E+16 4.131719104375E+02 3.342415217527E+02 5.156192327505E+01 1.119803814094E+05 3.555795560742E+00 4.872131007897E+15
7.200356451945E+02 4.510624028959E-02 1.493753964252E-02 8.932673955871E+22 6.013403814055E+21 1.696487161825E+20 9.080648518673E+17 5.666516600858E+15 6.573878418092E+21 3.942154547141E+16 1.749267527071E+11 1.306319343731E+15 1.374947269140E+18 5.598231015211E+16 5.108692484030E+02 3.427824622722E+02 4.044637213899E+01 9.214272260056E+04 3.269247848126E+00 4.358529754726E+15
1.145819053499E+03 2.475547588107E-02 1.698826776073E-02 1.608948601249E+23 5.459712768735E+21 1.526328738023E+20 6.891474638415E+17 3.200292732320E+15 4.352928825668E+21 8.886012509038E+15 6.414664807449E+09 1.207948012085E+15 3.154046880495E+18 1.659719674298E+17 4.857182026407E+02 3.375842510072E+02 3.714882815511E+01 8.553632205421E+04 3.168164610542E+00 1.992361234385E+15
1.105697203821E+03 3.243988969067E-02 1.679853073025E-02 1.450124276498E+23 5.778059330166E+21 1.480184594551E+20 7.903915702297E+17 3.916655128602E+15 5.269517611659E+21 1.429063204192E+16 1.476557488661E+10 1.273749260522E+15 2.595307196788E+18 1.243290100207E+17 5.126756062283E+02 3.409546728476E+02 3.754731467576E+01 8.641589676128E+04 3.180506263496E+00 2.642929980747E+15
3.865514177462E+02 4.766907332433E-02 1.523373246719E-02 5.067843003606E+22 4.798899865368E+21 1.673189488965E+20 7.477518660181E+17 5.192434692789E+15 5.184609536618E+21 5.073395467089E+16 7.337718459099E+11 1.070229774151E+15 7.101288993549E+17 2.640197525393E+16 4.602664481043E+02 3.361278107666E+02 4.413695767165E+01 9.896489908732E+04 3.376549766399E+00 4.122958936408E+15
1.299578438135E+03 3.383952155561E-02 1.331606783822E-02 1.588923631068E+23 6.772588059025E+21 1.696122554573E+20 1.132537677080E+18 6.021140577062E+15 7.421758183557E+21 2.802589490135E+16 4.380759655998E+10 1.710722102270E+15 2.991759372652E+18 1.431417145752E+17 5.432796007207E+02 3.498621621034E+02 3.828767167080E+01 8.796435275642E+04 3.199956999134E+00 4.310474858732E+15
6.914128366243E+02 4.481165571261E-02 1.407660718535E-02 8.542872402642E+22 6.111983003325E+21 1.806731082940E+20 9.537849724523E+17 6.177234991369E+15 6.903433152276E+21 4.688615140577E+16 2.652409018306E+11 1.360698568026E+15 1.334766173451E+18 5.381891176714E+16 5.077661974948E+02 3.434250521910E+02 4.105293944982E+01 9.333264390701E+04 3.286604950986E+00 4.813812994939E+15
5.687587915374E+02 4.733718756128E-02 1.219619063789E-02 6.846078888765E+22 6.049663330935E+21 2.072585012031E+20 1.042279364508E+18 7.943712578000E+15 7.847543166908E+21 8.278705674656E+16 1.098077152760E+12 1.462408776740E+15 1.095730463557E+18 4.137021705516E+16 4.989371109161E+02 3.448380321997E+02 4.319386170751E+01 9.762361520165E+04 3.348689356705E+00 6.476475584643E+15
1.307622130229E+03 4.432559438048E-02 1.617212163963E-02 1.513813871182E+23 6.174908100861E+21 1.218078402029E+20 9.847469328257E+17 5.392880110223E+15 7.143574690139E+21 2.493035870343E+16 2.931442147651E+10 1.490033252785E+15 2.420213845863E+18 1.132137812767E+17 5.746166840097E+02 3.500289048581E+02 3.730445519412E+01 8.620847620711E+04 3.172349074489E+00 3.905573628216E+15
1.136906085942E+03 8.775746388353E-03 5.650829282824E-03 1.778475281874E+23 8.681205094289E+21 3.479684226374E+20 1.873561189595E+18 8.194125086719E+15 7.491572850550E+21 4.447953708050E+16 3.538853252882E+11 2.789424836849E+15 5.250325682324E+18 3.774214730795E+17 4.236610818972E+02 3.438240541880E+02 4.582288530801E+01 1.011304596675E+05 3.391072607136E+00 5.400934916930E+15
4.218695742784E+02 4.794048081569E-02 9.655381811095E-03 4.879722817491E+22 5.510144441395E+21 2.424290894527E+20 1.148351465456E+18 1.123165495573E+16 9.133017505159E+21 1.856154654754E+17 9.324324897857E+12 1.598080537556E+15 8.541733355751E+17 2.951562695941E+16 4.798207229987E+02 3.462721068880E+02 4.739178894672E+01 1.059378434220E+05 3.469048207090E+00 9.642932174262E+15
3.215495706732E+02 1.340925832319E-02 8.097887183124E-03 5.305928828481E+22 4.406024584678E+21 1.347835356565E+20 1.020909556350E+18 4.878758133793E+15 3.776613429794E+21 5.218225507457E+16 2.704425957671E+12 1.406840961734E+15 1.165246234113E+18 5.459458438993E+16 3.794680301233E+02 3.310884720626E+02 5.493930464002E+01 1.168523303352E+05 3.612611054038E+00 3.474652293959E+15
1.022335798141E+03 4.028027233005E-02 6.221119733738E-03 1.018081512617E+23 8.976887322430E+21 3.149192233707E+20 2.343630479173E+18 2.344961204045E+16 1.819801211754E+22 3.637671201002E+17 1.060432974582E+13 3.128855049624E+15 2.159267899406E+18 8.268942065450E+16 5.727002367369E+02 3.828760513323E+02 4.487997834254E+01 1.017492904932E+05 3.391008307589E+00 2.033239160788E+16
7.321520497592E+02 3.950769318455E-02 1.773993733131E-02 9.701045900207E+22 5.515128871485E+21 1.493356722374E+20 7.200825708384E+17 3.877936248116E+15 4.943906803504E+21 1.941799971596E+16 4.412213750667E+10 1.090777349844E+15 1.462100898242E+18 6.345176853169E+16 4.927473034695E+02 3.378457781218E+02 3.917268694089E+01 8.947589503121E+04 3.233056944831E+00 2.787318142069E+15
3.128060982646E+02 3.019717339414E-02 1.719729144846E-02 4.832103643140E+22 3.978450336606E+21 1.227097440658E+20 5.628891695953E+17 2.845603920059E+15 2.879828990374E+21 1.990376322948E+16 2.206656514829E+11 8.332805093578E+14 6.464921770497E+17 2.783385265311E+16 4.096835673020E+02 3.297617664957E+02 4.557962032809E+01 1.007473147658E+05 3.404710285677E+00 2.012547376140E+15
6.600350848475E+02 1.773179281026E-02 4.904228785072E-03 8.651523206997E+22 8.143241643835E+21 3.761416222495E+20 2.159048545565E+18 1.588500774050E+16 1.199236047374E+22 2.359186173406E+17 1.572857540553E+13 2.859960781762E+15 2.327481545068E+18 1.108882615124E+17 4.467036244541E+02 3.529371244918E+02 5.153306522025E+01 1.123740735981E+05 3.552485639559E+00 1.304147430836E+16
4.598646398418E+02 4.033521531342E-02 8.377432456445E-03 5.402019112529E+22 5.989403831594E+21 2.705640594286E+20 1.312137418368E+18 1.244376481522E+16 9.897096755584E+21 2.063680658511E+17 1.148129794156E+13 1.809535305029E+15 1.029113908499E+18 3.755417289282E+16 4.746354091915E+02 3.481363849361E+02 4.815894688246E+01 1.072059415866E+05 3.486819053004E+00 1.064583135058E+16
4.856536433892E+02 2.829600183272E-02 1.549006442238E-02 7.229464344491E+22 5.115782546856E+21 1.607729773276E+20 6.884170238304E+17 3.500202005734E+15 3.811879343320E+21 1.991333745562E+16 1.044390718790E+11 1.038656934051E+15 1.064180732234E+18 5.060780354885E+16 4.322209340421E+02 3.327375431270E+02 4.241773020040E+01 9.517316092158E+04 3.322779553726E+00 2.461948866942E+15
3.712646671696E+02 1.768326991947E-02 1.479050433445E-02 6.212587197023E+22 4.177528359640E+21 1.189381663887E+20 5.779421364308E+17 2.459629048299E+15 2.490674938195E+21 1.362503243613E+16 1.246715991631E+11 8.928783936029E+14 9.368744120145E+17 4.858087938369E+16 3.902090080982E+02 3.287814044311E+02 4.671706380497E+01 1.024522135826E+05 3.421983044162E+00 1.566946257457E+15
1.501472652077E+02 1.483618874318E-02 8.009275267183E-03 2.519718321719E+22 2.323366221242E+21 6.369333693600E+19 8.545113974482E+17 4.499344912038E+15 2.625942344572E+21 8.227838164292E+16 1.836137932520E+13 1.117589863712E+15 6.650783674961E+17 1.917055206665E+16 3.600155206205E+02 3.282078198019E+02 6.613379516470E+01 1.352182202263E+05 3.858032463389E+00 3.398118196643E+15
5.137233192228E+02 1.272445953265E-02 7.802608921532E-03 8.256425863685E+22 5.957568471523E+21 2.001642030990E+20 1.176274156654E+18 5.473645773768E+15 4.884497696636E+21 4.451114904574E+16 1.028764137629E+12 1.665552624305E+15 1.818072499135E+18 1.031979275288E+17 3.975088559109E+02 3.343515199767E+02 5.039322830914E+01 1.090889254888E+05 3.508046407515E+00 3.809280546652E+15
7.709645744357E+02 4.271003366643E-02 1.084083044395E-02 9.042469634568E+22 6.971247367043E+21 2.225551432770E+20 1.276530655777E+18 9.303527910326E+15 9.354896433133E+21 8.845829840024E+16 8.463377230626E+11 1.772950369698E+15 1.577640708622E+18 6.323737533741E+16 5.220031017148E+02 3.512749857178E+02 4.227676816500E+01 9.590693902716E+04 3.319427075126E+00 7.531466736478E+15
6.325096344814E+02 1.313353392540E-02 1.047708780253E-02 1.037220094125E+23 5.846005579641E+21 1.873218139140E+20 8.839081032835E+17 3.789207077774E+15 3.829674835804E+21 1.810281627719E+16 1.057866509392E+11 1.385411407867E+15 2.024958655299E+18 1.260881518896E+17 4.033303363528E+02 3.325844522663E+02 4.467859644157E+01 9.894688981957E+04 3.369039883450E+00 2.404267216627E+15
4.803940540947E+02 3.731931056286E-02 1.269770131405E-02 6.407630717639E+22 5.599778275541E+21 1.983764206117E+20 9.109558800031E+17 5.949973374501E+15 5.911080143088E+21 5.383415669207E+16 6.886016438373E+11 1.296198697041E+15 1.010506360149E+18 4.179736940043E+16 4.591204239098E+02 3.382546133506E+02 4.406378412901E+01 9.872056942206E+04 3.370730815262E+00 4.654866616839E+15
6.499143212794E+02 4.500360864777E-02 4.099470742000E-03 5.268540951182E+22 7.110867391367E+21 4.535565241868E+20 2.562162093455E+18 4.874823167631E+16 2.516243425965E+22 1.773225987441E+18 5.042916916392E+14 3.500657011335E+15 1.332180724607E+18 3.745854389831E+16 5.512133788929E+02 3.965029524065E+02 5.123973969693E+01 1.162504110946E+05 3.603696802309E+00 4.575215651517E+16
1.561150521577E+02 3.774125344456E-02 9.219576943747E-03 2.094538179481E+22 2.530766835461E+21 1.196460318610E+20 8.511319373256E+17 7.952748957801E+15 4.849222036900E+21 2.049385887597E+17 6.354961371379E+13 1.116789064014E+15 4.150479438313E+17 1.256949220695E+16 3.975448209816E+02 3.330809801605E+02 6.016200092221E+01 1.276731383983E+05 3.779842383859E+00 6.903866777321E+15
3.332713775074E+01 3.870385030856E-02 1.244757494596E-02 5.041806561088E+21 4.974401878502E+20 1.869496826781E+19 3.649926985339E+17 3.095195189074E+15 1.346217549054E+21 1.574918084892E+17 2.465589989910E+14 4.597698693004E+14 1.194833615986E+17 1.387388265604E+15 3.496914281915E+02 3.256144292533E+02 9.008389162985E+01 1.721527861160E+05 4.420190783274E+00 2.882195606039E+15
1.222892776176E+03 3.123955934378E-02 7.225569024253E-03 1.373713615778E+23 9.166359131039E+21 2.984092084833E+20 2.132520741085E+18 1.517646793088E+16 1.387740584315E+22 1.454225475455E+17 1.428976836967E+12 2.884304657499E+15 3.003761893872E+18 1.342850164220E+17 5.511284138889E+02 3.701280661983E+02 4.264014450490E+01 9.661227982946E+04 3.322847102301E+00 1.230476729381E+16
1.084693059120E+02 3.879652497342E-02 1.683304055502E-02 1.702671336491E+22 1.775289833169E+21 5.836562328864E+19 4.731612411561E+17 2.844779531108E+15 1.973549703840E+21 4.544271122398E+16 5.590066483777E+12 6.357166664563E+14 2.752102405484E+17 7.084253329655E+15 3.771003558168E+02 3.271032066958E+02 5.819617015624E+01 1.227614657976E+05 3.703171601263E+00 2.214701017862E+15
1.195696952059E+03 3.889563495943E-02 4.747380182999E-03 1.077672639719E+23 9.997971900953E+21 3.541688610114E+20 3.125142684523E+18 3.686123820663E+16 2.477904706553E+22 7.168806185564E+17 3.529165516016E+13 4.118027981764E+15 2.431897890268E+18 9.142091116593E+16 6.060815979535E+02 4.090163508001E+02 4.609919321849E+01 1.046746745428E+05 3.426212499074E+00 3.278176348221E+16
1.399783305167E+02 1.471905131299E-02 1.356700715198E-02 2.535340391015E+22 1.979889577068E+21 4.248010366155E+19 5.007276295196E+17 1.994083019076E+15 1.298047184213E+21 2.031237733110E+16 1.288047657047E+12 7.163903310115E+14 5.151127383208E+17 1.398854548512E+16 3.535891476743E+02 3.257004486680E+02 5.968518772414E+01 1.241948729702E+05 3.704369855060E+00 1.279009042769E+15
8.978317588047E+02 1.609874032487E-02 1.203655762924E-02 1.389573906952E+23 6.227384694204E+21 2.057305201308E+20 8.654463965582E+17 3.855054806423E+15 4.332443579761E+21 1.346200687858E+16 2.631390855725E+10 1.435358275031E+15 2.798249993094E+18 1.722774308416E+17 4.343279839746E+02 3.354290986249E+02 4.035217142502E+01 9.131108447830E+04 3.256772413130E+00 2.418888109335E+15
9.067398505557E+02 1.034512517745E-02 1.411736370505E-02 1.558809516374E+23 4.937780167364E+21 1.491031560257E+20 5.368317182268E+17 2.276931238346E+15 2.563940981495E+21 4.482923258861E+15 3.669544270428E+09 1.112911665082E+15 3.287785156482E+18 2.361941092660E+17 4.015968364272E+02 3.301659546103E+02 3.904225201500E+01 8.870374895010E+04 3.220074101194E+00 1.163359521670E+15
7.465914568331E+02 3.879577276338E-02 1.099570122580E-02 9.105792114820E+22 6.895247101974E+21 2.272100468841E+20 1.221665389221E+18 8.365853499867E+15 8.530450505991E+21 7.358934122729E+16 6.459335642390E+11 1.709784903356E+15 1.603233709977E+18 6.651345242316E+16 5.067442440526E+02 3.481879239490E+02 4.232526726173E+01 9.581105182914E+04 3.320530347081E+00 6.656744338235E+15
3.721043462489E+02 8.781646816570E-03 9.634318220494E-03 6.708318754222E+22 4.176463101281E+21 1.045296854484E+20 7.476573197694E+17 2.831848297519E+15 2.342611802080E+21 1.773633100601E+16 3.372553489730E+11 1.155232324564E+15 1.373650524937E+18 7.327631054624E+16 3.656608800288E+02 3.281212912482E+02 5.242961089944E+01 1.120944919398E+05 3.543500083505E+00 1.677165908455E+15
1.245191333293E+03 1.404902432600E-02 1.252134117948E-02 1.919000041861E+23 5.950234690443E+21 1.996333250634E+20 8.073880720038E+17 3.539240214950E+15 4.222082018081E+21 8.520176909890E+15 7.178832235063E+09 1.504244772311E+15 4.563733940746E+18 2.990489956671E+17 4.458705926637E+02 3.365026285835E+02 3.828585349263E+01 8.751404954255E+04 3.197242621613E+00 2.035011268745E+15
1.030353254428E+03 4.034694008455E-02 1.735767855984E-02 1.289059784180E+23 5.794520654292E+21 1.362533224842E+20 8.139741363245E+17 4.308166450705E+15 5.770872067352E+21 1.894083665214E+16 2.522285761904E+10 1.252906599402E+15 2.092851400272E+18 9.391745237791E+16 5.307471393542E+02 3.426533651299E+02 3.780050429042E+01 8.701466672589E+04 3.188739816383E+00 3.057387519724E+15
1.208169382351E+03 1.893499932099E-02 1.030724405803E-02 1.696762970456E+23 7.305098855183E+21 2.507724612862E+20 1.221425589530E+18 5.819607417681E+15 6.514909945903E+21 2.373866020482E+16 4.893213320047E+10 1.913522826302E+15 3.835239805363E+18 2.197529756756E+17 4.762312186910E+02 3.440349331333E+02 3.989981797356E+01 9.067958298806E+04 3.243420182500E+00 3.906778262764E+15
6.693912697416E+02 2.827019974318E-02 1.600140348581E-02 9.677911113711E+22 5.541382057710E+21 1.671332774218E+20 7.101722641949E+17 3.512101322117E+15 4.216577282719E+21 1.593109710549E+16 4.095736215516E+10 1.104050304123E+15 1.529668959133E+18 7.503742150476E+16 4.543706808029E+02 3.348117421700E+02 4.016575453979E+01 9.109466584314E+04 3.259827319636E+00 2.407955804064E+15
2.552878984773E+02 1.634300679755E-02 1.967474103029E-02 4.567441001613E+22 2.880637564858E+21 6.917231844263E+19 3.626845650048E+17 1.388156172403E+15 1.347549168741E+21 6.794787745445E+15 6.426401896275E+10 5.941472741535E+14 5.916875479526E+17 2.742424227768E+16 3.700155235040E+02 3.260306257818E+02 4.864773675213E+01 1.055765591166E+05 3.462122125935E+00 7.941028090238E+14
1.294442700698E+03 1.650654027139E-02 1.160895890739E-02 1.894014325220E+23 6.566081640941E+21 2.219029209466E+20 9.905571994488E+17 4.457906256442E+15 5.256035766141E+21 1.331243301347E+16 1.505940043179E+10 1.702540441043E+15 4.448795411311E+18 2.724133927286E+17 4.654084616275E+02 3.403038569351E+02 3.867608125030E+01 8.831688829767E+04 3.208583457296E+00 2.757504339498E+15
5.796957766790E+02 2.849812206303E-02 1.360565736606E-02 8.295350934528E+22 5.773909960861E+21 1.887620592249E+20 8.359767757509E+17 4.458115024851E+15 4.833242843386E+21 2.709367295888E+16 1.483526363174E+11 1.237781322647E+15 1.331974781959E+18 6.353728130910E+16 4.478627039446E+02 3.358577877364E+02 4.221761729557E+01 9.494829049375E+04 3.316810817944E+00 3.220871704590E+15
5.224184327179E+02 4.133515193767E-02 4.475088654013E-03 4.684666079233E+22 6.437595121662E+21 4.287594744172E+20 2.182946902030E+18 3.734148103148E+16 2.033837315397E+22 1.286340857127E+18 3.816643326100E+14 2.986872148421E+15 1.187614059431E+18 3.484123021552E+16 5.110536832059E+02 3.773330669363E+02 5.257727640078E+01 1.179175358236E+05 3.636355195076E+00 3.475872783203E+16
9.983328804737E+01 4.445081677587E-02 1.633784368916E-02 1.513198225768E+22 1.659391332834E+21 5.976033543349E+19 4.830075609395E+17 3.275125905980E+15 2.170334136171E+21 6.136682191992E+16 1.057256654466E+13 6.417352625742E+14 2.479413491304E+17 6.085623591409E+15 3.801496290318E+02 3.274904615926E+02 5.936698860238E+01 1.250834912561E+05 3.737102210633E+00 2.644012186748E+15
3.416667515327E+02 4.343494596271E-02 1.175659367317E-02 4.395279210335E+22 4.735342250043E+21 1.921406643641E+20 8.976230158372E+17 7.156464432042E+15 6.220794613481E+21 9.745709620899E+16 3.796725143945E+12 1.255205113637E+15 7.012071256376E+17 2.565487480412E+16 4.491199928325E+02 3.379556631721E+02 4.772050151963E+01 1.057614760414E+05 3.472109391711E+00 5.905693439191E+15
1.269162526699E+03 2.654946756263E-02 4.583102185689E-03 1.323232685585E+23 1.084248373558E+22 4.305852734796E+20 3.193565922449E+18 2.843071468584E+16 2.090781838796E+22 4.150029929318E+17 1.323391092045E+13 4.195544588012E+15 3.425418578927E+18 1.449520418809E+17 5.588234515337E+02 3.924988970053E+02 4.612553394621E+01 1.036117596160E+05 3.418924645681E+00 2.424947386715E+16
9.109080112450E+02 2.284403786619E-02 1.784734224534E-02 1.355218586772E+23 5.173412948462E+21 1.485626938990E+20 5.907479427713E+17 2.683852711017E+15 3.579524778968E+21 7.428023779910E+15 6.518864976465E+09 1.042356005988E+15 2.436945993573E+18 1.322189755217E+17 4.568219910049E+02 3.339225137226E+02 3.783162224765E+01 8.672283748971E+04 3.188954300005E+00 1.642917510236E+15
1.011764109248E+03 3.645052551413E-02 1.113222962979E-02 1.215737287075E+23 7.324914591063E+21 2.123681573093E+20 1.319133347897E+18 8.181856048097E+15 8.907909479440E+21 5.755883766663E+16 2.593667314268E+11 1.864412438070E+15 2.241754838399E+18 9.917760907746E+16 5.309491133356E+02 3.521693857096E+02 4.056437179722E+01 9.241914988114E+04 3.268211235578E+00 6.317935685686E+15
7.625637128813E+02 4.533758575920E-02 9.676221511084E-03 8.529402871081E+22 7.187135429234E+21 2.397034139798E+20 1.429073791182E+18 1.178627594919E+16 1.101582890522E+22 1.358109557191E+17 1.995761517255E+12 1.962676243005E+15 1.530033907448E+18 5.869239567407E+16 5.324270874181E+02 3.563362111126E+02 4.320027654592E+01 9.795905416141E+04 3.345900856979E+00 9.825829428266E+15
9.435241354168E+02 4.411749892959E-02 1.307121235579E-02 1.109255986006E+23 6.724638383529E+21 1.749816684107E+20 1.137936993583E+18 7.228211629840E+15 8.261488264337E+21 5.077722807954E+16 1.989420261604E+11 1.613793275215E+15 1.837896572963E+18 7.764950591888E+16 5.419952739933E+02 3.501723005277E+02 4.000242945726E+01 9.143489888244E+04 3.253657396813E+00 5.610536728853E+15
7.556590590505E+02 3.048262806731E-02 9.404832977478E-03 9.626073191820E+22 7.339530917629E+21 2.665735484081E+20 1.365322705065E+18 8.916978562106E+15 8.674244930199E+21 7.814540837037E+16 8.335428337789E+11 1.906477057033E+15 1.855178272557E+18 8.312215685676E+16 4.863298526941E+02 3.477799055222E+02 4.340580715872E+01 9.763869570443E+04 3.348214095049E+00 7.011430231725E+15
3.344633455334E+02 9.415293246392E-03 1.942048772083E-02 6.356616714656E+22 2.795047225658E+21 6.114152349805E+19 2.802414103582E+17 1.035517843224E+15 1.014597044852E+21 3.128103850162E+15 1.398926275709E+10 5.568026015923E+14 8.625956015993E+17 4.911904786683E+16 3.592231891527E+02 3.253321783692E+02 4.751395066487E+01 1.035154451577E+05 3.425276096269E+00 4.788579052810E+14
7.240712830727E+02 2.407813574901E-02 1.933066188826E-02 1.104635259885E+23 4.875133648087E+21 1.372789560867E+20 5.213352748213E+17 2.360643646373E+15 3.093014403948E+21 7.030059366274E+15 7.838924412662E+09 9.042684965494E+14 1.752145426468E+18 9.296072796389E+16 4.423043473769E+02 3.318304138083E+02 3.846862070512E+01 8.785636807712E+04 3.208876129318E+00 1.457080727804E+15
8.479369087964E+02 7.536710668249E-03 6.763726631400E-03 1.434896886636E+23 6.933110567335E+21 2.366807209902E+20 1.293515642085E+18 5.160091891710E+15 4.856876350097E+21 2.589537270510E+16 2.324017062879E+11 2.020200123410E+15 3.858547616466E+18 2.810498579957E+17 3.949170656568E+02 3.352351469409E+02 4.773279869768E+01 1.042525769979E+05 3.433532946803E+00 3.140336084341E+15
