6.825503976493E+02 1.783040964192E-02 1.562859584756E-02 1.094691616724E+23 5.185123810755E+21 1.550336919679E+20 6.033316687564E+17 2.636261926673E+15 3.072433662188E+21 8.437091327302E+15 1.439324638296E+10 1.036542900848E+15 1.835202502518E+18 1.080243938775E+17 4.193722904103E+02 3.312995890206E+02 4.009506170940E+01 9.071687320535E+04 3.254201574297E+00 1.599773926905E+15
1.296200417292E+03 3.574536977681E-02 1.211523408960E-02 1.535055202678E+23 7.198438619095E+21 1.793643317141E+20 1.293788504767E+18 7.310255489990E+15 8.578251619101E+21 4.016475055708E+16 8.800849027775E+10 1.886582029839E+15 2.864943256427E+18 1.345759933342E+17 5.540022333995E+02 3.540778383304E+02 3.892524729059E+01 8.927575802523E+04 3.217898924409E+00 5.423876659353E+15
4.513877235648E+02 3.183775401856E-02 5.089835363405E-03 4.913720134082E+22 6.190007023204E+21 3.599629006931E+20 1.880206530378E+18 2.310219881568E+16 1.442415066408E+22 6.075750272796E+17 1.261620255427E+14 2.532713381461E+15 1.226379542876E+18 4.265641480803E+16 4.663665070057E+02 3.582117956389E+02 5.362780686418E+01 1.179684737973E+05 3.639178982660E+00 2.069615897968E+16
1.219968226299E+03 1.361763443973E-02 9.277711685769E-03 1.835713674143E+23 7.312226315380E+21 2.673261869345E+20 1.216382355647E+18 5.425621155685E+15 5.804157956672E+21 1.920575681508E+16 3.795964081146E+10 1.994897001957E+15 4.496345898634E+18 2.945722284011E+17 4.486337589622E+02 3.410121906483E+02 4.040807654260E+01 9.146940507755E+04 3.255156993786E+00 3.432915120282E+15
7.496855377751E+02 8.846937422964E-03 1.157864089407E-02 1.319572562822E+23 5.183991893595E+21 1.540222281130E+20 6.492514163730E+17 2.586359234393E+15 2.687588164064E+21 7.322919223847E+15 1.717560814528E+10 1.212905200961E+15 2.752423876193E+18 1.990000383597E+17 3.878968560789E+02 3.298828472922E+02 4.284791980230E+01 9.552097460946E+04 3.316811428348E+00 1.373680226478E+15
7.489039228245E+02 3.787806615848E-02 1.446628186676E-02 9.695609388191E+22 6.127787884802E+21 1.804180100850E+20 9.077530052564E+17 5.244076745480E+15 6.125581394099E+21 3.223284980617E+16 1.217297268251E+11 1.326063719801E+15 1.567497323327E+18 6.806352658971E+16 4.958620340343E+02 3.412696689707E+02 4.038033079519E+01 9.184562978123E+04 3.266363339797E+00 3.915207154654E+15
1.217554239094E+03 3.677861855375E-02 8.932680150758E-03 1.358122772500E+23 8.351868338972E+21 2.337675510916E+20 1.781904539362E+18 1.218471474689E+16 1.214771577789E+22 1.029653097665E+17 6.438386554696E+11 2.441660544974E+15 2.661460859066E+18 1.182195307124E+17 5.633276454596E+02 3.654645559980E+02 4.123517279188E+01 9.394105473364E+04 3.284605441901E+00 9.743848348197E+15
1.311525555276E+03 3.377156698880E-02 1.736702802800E-02 1.661335999501E+23 5.681658932687E+21 1.320634499011E+20 8.012873095737E+17 3.947646990609E+15 5.482981712022E+21 1.309743952710E+16 9.467617444541E+09 1.324999467050E+15 3.034419153348E+18 1.471370106839E+17 5.353752471006E+02 3.431943335008E+02 3.668300693580E+01 8.482018394844E+04 3.154465322845E+00 2.622679535982E+15
2.270329442345E+02 4.739256176320E-02 1.091182672017E-02 2.870152930922E+22 3.523967910242E+21 1.654307346976E+20 8.425614710421E+17 8.000665474531E+15 5.887175300323E+21 1.601372167463E+17 1.960398803510E+13 1.154734530548E+15 4.818738617588E+17 1.569152130595E+16 4.296018607238E+02 3.361428953623E+02 5.275874196370E+01 1.152252464804E+05 3.604787269796E+00 6.865956935260E+15
6.877253622303E+02 1.433658920143E-02 1.729958060947E-02 1.163885405523E+23 4.591061056902E+21 1.297579482938E+20 4.622217035618E+17 1.957633729698E+15 2.296647850759E+21 4.564727927954E+15 4.725868639265E+09 8.913791182746E+14 1.956655669447E+18 1.246203779558E+17 4.036359840752E+02 3.291516658206E+02 3.932953848763E+01 8.926657456048E+04 3.229344260159E+00 1.066567344522E+15
8.174212770824E+02 2.533226694081E-02 1.993954913143E-02 1.217694887856E+23 4.871626784561E+21 1.342293090863E+20 5.213602493877E+17 2.380427109126E+15 3.259135775962E+21 6.633986218722E+15 5.735354561721E+09 9.185418102723E+14 2.015700307748E+18 1.050363891747E+17 4.553000974896E+02 3.327367876003E+02 3.771625168017E+01 8.650378115607E+04 3.186963916818E+00 1.463281583821E+15
8.620373999684E+02 5.920867459186E-03 1.622886779030E-02 1.635483478513E+23 3.517547666463E+21 9.100933376653E+19 2.843999822764E+17 1.326749896343E+15 1.358944596998E+21 1.461351813021E+15 6.156266161852E+08 8.198326605342E+14 3.690633449257E+18 2.921397539147E+17 3.705048383257E+02 3.266240950156E+02 3.870587676069E+01 8.804606432888E+04 3.204365035716E+00 5.067981984803E+14
5.615250786805E+02 4.793064622605E-02 1.930471791514E-02 7.374743040264E+22 5.059466180105E+21 1.396296985047E+20 6.475160496152E+17 3.763287972001E+15 4.639613236476E+21 2.275720101307E+16 8.012367124640E+10 9.607982840868E+14 9.889870484839E+17 3.923204234193E+16 4.865716692245E+02 3.361359436556E+02 4.003232203304E+01 9.116285918455E+04 3.260566486086E+00 2.802584553366E+15
5.663039511248E+02 4.388691200925E-02 1.839125718397E-02 7.562266797301E+22 5.167652500174E+21 1.472560144389E+20 6.685131210205E+17 3.808967039406E+15 4.622885959746E+21 2.265736956524E+16 8.258748065401E+10 9.940542401791E+14 1.044224888728E+18 4.272514899986E+16 4.793894937322E+02 3.359668887487E+02 4.027647323749E+01 9.156503559438E+04 3.266923771968E+00 2.815005652363E+15
1.291624441351E+03 2.079733612986E-02 9.951850704304E-03 1.742731339386E+23 7.616822962009E+21 2.560646765405E+20 1.351164187450E+18 6.666794339418E+15 7.407408308468E+21 2.963930022265E+16 6.575178548661E+10 2.065770923680E+15 3.974504066057E+18 2.183097852492E+17 4.935317289867E+02 3.478028528080E+02 3.986920404160E+01 9.071009232142E+04 3.242480109482E+00 4.603211109846E+15
1.896674072095E+02 3.096599544237E-02 1.363154664003E-02 2.912548423000E+22 2.932677126034E+21 9.976607576319E+19 6.344592308237E+17 3.732850174797E+15 2.975907108208E+21 4.878175483537E+16 3.222239305768E+12 8.699837425797E+14 4.660894741716E+17 1.644341663096E+16 3.910104811430E+02 3.293579762115E+02 5.384481259864E+01 1.154651394882E+05 3.603748891700E+00 2.866124494343E+15
8.480401436425E+02 4.410836518367E-02 1.253720080856E-02 1.003298828110E+23 6.722362527281E+21 1.892343322110E+20 1.147475776559E+18 7.611231991885E+15 8.367615657165E+21 5.932430961630E+16 3.192018123581E+11 1.615491946942E+15 1.669607397583E+18 6.875341890236E+16 5.312964181766E+02 3.494125642092E+02 4.079082649988E+01 9.296581792382E+04 3.276922356744E+00 5.996887325988E+15
9.792643407871E+02 2.102120179771E-02 1.874340516509E-02 1.478779412755E+23 4.893640056199E+21 1.393078252190E+20 5.311911106804E+17 2.388019076621E+15 3.272195064919E+21 5.526721842282E+15 3.451992891994E+09 9.970368346636E+14 2.789822725614E+18 1.563407548264E+17 4.541248560845E+02 3.331824288029E+02 3.716670491312E+01 8.546348664139E+04 3.169159419000E+00 1.390991798970E+15
7.647899448908E+02 5.096408749812E-03 1.407773951277E-02 1.466819687588E+23 3.490505424841E+21 9.075398963073E+19 3.266796496644E+17 1.362785021564E+15 1.454091169496E+21 2.309096969019E+15 3.471640195416E+09 8.373145688266E+14 3.354421068210E+18 2.709200187345E+17 3.651038951497E+02 3.266163394645E+02 4.385766398518E+01 9.721521824922E+04 3.331080369033E+00 5.255557037811E+14
5.024568611510E+02 2.378652639839E-02 1.234278795683E-02 7.519397315416E+22 5.560542245731E+21 1.861623412609E+20 8.526494875284E+17 4.406424913235E+15 4.456427989238E+21 2.909925280544E+16 2.493830849834E+11 1.252476442360E+15 1.241981393762E+18 6.190214190636E+16 4.261580463520E+02 3.341466084198E+02 4.414821965549E+01 9.832786020723E+04 3.366127573762E+00 3.152471150042E+15
5.047541679615E+02 3.451793816389E-02 1.528812864092E-02 7.089423298359E+22 5.325659538062E+21 1.707190916073E+20 7.472957383038E+17 4.184347892968E+15 4.579070327542E+21 2.750232722660E+16 1.677883970260E+11 1.100402559319E+15 1.044604973525E+18 4.595469282620E+16 4.515135151103E+02 3.350120522840E+02 4.222491035177E+01 9.504036188947E+04 3.319688302610E+00 3.085466646175E+15
1.069038743567E+03 2.536042171081E-02 1.398615014529E-02 1.471572598417E+23 6.268541464960E+21 1.870505653337E+20 8.993453299645E+17 4.353366823069E+15 5.417831020836E+21 1.648495694849E+16 2.379535638522E+10 1.437572600629E+15 2.859038173509E+18 1.478182677972E+17 4.868806328661E+02 3.405339538473E+02 3.865702980205E+01 8.841092316171E+04 3.211374482068E+00 2.915873415178E+15
1.244553957978E+02 3.863856354743E-02 1.953071984404E-02 1.985739993045E+22 1.975959794095E+21 6.117060709958E+19 4.249066889616E+17 2.307354490929E+15 1.796856525618E+21 2.879462028039E+16 1.883235645085E+12 5.869761745951E+14 2.822315189652E+17 7.928978401553E+15 3.804871561410E+02 3.268216116351E+02 5.476835188523E+01 1.167747529090E+05 3.621545917058E+00 1.722319032542E+15
4.492536478349E+02 2.103706630658E-02 1.466840552543E-02 7.160820209695E+22 4.823588409010E+21 1.467308046886E+20 6.518504977843E+17 2.995435966973E+15 3.127612682196E+21 1.573428728402E+16 9.346699937045E+10 1.004801402284E+15 1.087002916558E+18 5.644551790101E+16 4.082383617963E+02 3.306331611065E+02 4.388573522226E+01 9.759879893964E+04 3.356609291921E+00 1.990030753265E+15
1.167484770781E+03 2.253500683124E-02 1.200843504140E-02 1.605684778090E+23 6.813707075411E+21 2.161824256414E+20 1.067576715860E+18 5.161540533344E+15 6.112097821825E+21 2.043324262337E+16 3.445976363561E+10 1.684309735661E+15 3.379078820680E+18 1.819246576461E+17 4.867828526069E+02 3.430371811381E+02 3.914877624118E+01 8.932785962942E+04 3.223839292436E+00 3.477287153464E+15
1.172026244728E+02 2.038826492436E-02 1.259391971361E-02 2.006795203566E+22 1.819632579724E+21 4.682362834724E+19 5.631971781818E+17 2.727513158595E+15 1.696834650706E+21 4.048157729231E+16 5.486104277019E+12 7.571063253125E+14 4.263554841405E+17 1.070433163299E+16 3.592369393598E+02 3.264477050667E+02 6.256705692026E+01 1.292906358858E+05 3.779126396544E+00 1.974966354163E+15
8.252418237543E+02 1.967725880678E-02 9.181698533622E-03 1.179193645417E+23 7.354577598228E+21 2.677454413857E+20 1.287541386524E+18 6.682418180454E+15 6.724402396222E+21 4.100606562021E+16 2.561531238359E+11 1.874397318238E+15 2.441151837419E+18 1.334535738468E+17 4.519054476041E+02 3.418101621016E+02 4.301569319297E+01 9.640419024254E+04 3.332291931658E+00 4.808295096755E+15
1.204602052137E+03 6.696019753407E-03 8.000523307819E-03 2.070545862205E+23 6.538881312320E+21 2.318064750727E+20 1.030546377978E+18 4.167203643831E+15 4.066072156587E+21 1.085350734436E+16 2.046578227066E+10 1.959757034526E+15 6.003086402588E+18 4.948469399326E+17 4.004183729191E+02 3.345430001676E+02 4.204710270500E+01 9.419750728951E+04 3.291393346814E+00 2.207454165037E+15
2.471317303747E+02 2.146882166641E-02 1.702035702563E-02 4.163342616570E+22 3.206378125572E+21 8.780463060790E+19 4.844570650097E+17 2.093389197454E+15 1.976634484809E+21 1.455460153022E+16 2.479224333257E+11 7.230206578176E+14 5.790436247814E+17 2.494086029584E+16 3.816206047420E+02 3.273881277202E+02 4.954142550130E+01 1.073493203594E+05 3.491096581932E+00 1.370940100248E+15
1.274574471478E+02 4.116744763721E-02 1.966024574398E-02 2.002385195213E+22 2.031466116319E+21 6.487526228891E+19 4.290877805255E+17 2.414155885992E+15 1.907973606046E+21 3.064065831944E+16 1.983734106203E+12 5.928800064174E+14 2.786035992019E+17 7.914350799075E+15 3.842031848378E+02 3.270707730205E+02 5.423844357182E+01 1.159736664502E+05 3.611845666623E+00 1.823330990542E+15
2.688795503231E+02 2.405173927772E-02 1.729335923492E-02 4.413287783180E+22 3.459678074236E+21 9.887709952114E+19 5.024903975840E+17 2.270205582339E+15 2.226152990564E+21 1.555948310874E+16 2.233440925721E+11 7.489588854901E+14 5.992205550699E+17 2.621292216477E+16 3.901388958192E+02 3.280277946677E+02 4.805457853938E+01 1.048628079618E+05 3.458981890037E+00 1.522868720928E+15
2.849593917257E+02 1.151902169802E-02 6.168089600290E-03 4.685678041660E+22 4.147100984673E+21 1.261256518342E+20 1.256532834291E+18 6.463906495907E+15 4.271029727021E+21 9.274194161849E+16 1.052670313346E+13 1.670860648794E+15 1.269547238455E+18 5.328365698581E+16 3.725796502459E+02 3.318153852547E+02 5.990570529437E+01 1.252433516600E+05 3.724266451757E+00 4.803588094212E+15
1.053245235563E+03 4.542386962803E-02 1.511533675489E-02 1.239800350125E+23 6.339522071348E+21 1.442869859341E+20 1.009553115592E+18 5.922964535466E+15 7.374766260421E+21 3.376594310589E+16 7.297091943374E+10 1.472044385587E+15 1.974694423399E+18 8.628697071154E+16 5.534386862711E+02 3.485428940884E+02 3.862528622462E+01 8.876952557216E+04 3.211924594298E+00 4.449543231810E+15
2.003770381515E+02 9.372815341529E-03 1.692729161241E-02 3.863843470016E+22 2.146162228707E+21 3.952562336440E+19 3.303225142643E+17 1.149152647534E+15 8.339550733531E+20 5.560360073072E+15 7.966700830917E+10 5.790523720834E+14 6.186898737374E+17 2.253599369204E+16 3.483896839998E+02 3.248427032293E+02 5.366271334725E+01 1.139685801013E+05 3.561807378797E+00 5.701878529827E+14
6.631437827493E+02 4.616034896566E-02 7.340988262453E-03 6.870171407862E+22 7.229225976051E+21 3.032384882726E+20 1.709846184190E+18 1.863009190117E+16 1.435518231488E+22 3.289670906353E+17 1.513618280239E+13 2.338113342166E+15 1.368822093028E+18 4.747142537678E+16 5.302210326009E+02 3.645198757204E+02 4.623083519692E+01 1.043995078012E+05 3.436097886700E+00 1.630752378328E+16
4.930441252998E+02 4.437994740182E-02 1.574817499324E-02 6.489608804424E+22 5.277503856814E+21 1.685367547923E+20 7.648878390503E+17 4.839198272226E+15 5.269653182654E+21 3.773148280865E+16 2.843468386912E+11 1.105811644630E+15 9.252171615012E+17 3.663446577948E+16 4.722908240218E+02 3.371059766764E+02 4.215999100384E+01 9.520727800518E+04 3.320402506752E+00 3.733687587268E+15
2.095786361223E+02 5.070655487984E-03 1.687824740352E-02 4.268873067348E+22 1.670684689734E+21 2.445582349480E+19 2.271479221405E+17 8.058638530240E+14 4.919166764474E+20 2.695360803209E+15 2.626978818783E+10 5.018809830854E+14 7.310754685556E+17 2.495898728310E+16 3.382606173043E+02 3.241386162199E+02 5.512849864179E+01 1.163306564173E+05 3.580120098145E+00 3.038894750619E+14
6.615087269797E+02 1.335759943793E-02 1.743249474648E-02 1.138951539695E+23 4.446415895817E+21 1.233792877827E+20 4.365940624945E+17 1.835096920979E+15 2.110298009103E+21 4.114142970431E+15 4.234331194152E+09 8.601261416138E+14 1.889617123459E+18 1.223881907441E+17 3.973641384535E+02 3.285705842934E+02 3.951916893927E+01 8.958415787779E+04 3.234034474574E+00 9.752535282657E+14
1.334224082317E+01 2.402612050129E-02 7.483995596844E-03 1.863376601931E+21 1.277992701151E+20 6.251266075156E+18 1.460816348765E+17 2.573046123793E+15 9.001995158878E+20 3.774504936312E+17 1.006499993748E+15 2.961156460860E+14 2.575971344740E+16 2.040320912723E+14 3.341012474105E+02 3.247322539000E+02 1.654216151532E+02 2.595956563978E+05 6.137311278462E+00 3.283313105230E+15
1.000567329905E+02 3.561006805953E-02 8.152768723078E-03 1.342922374482E+22 1.585468938733E+21 7.876766337657E+19 7.944203783889E+17 8.142305831593E+15 4.065053971352E+21 3.065468288190E+17 2.571796670397E+14 9.988690948585E+14 3.027946659943E+17 7.476569931489E+15 3.783315638289E+02 3.311015246139E+02 6.999204027770E+01 1.438866761733E+05 4.017262828026E+00 7.400655054038E+15
1.228519840165E+03 4.017016721723E-02 1.966681618725E-02 1.520311414012E+23 5.358328136528E+21 1.114664869317E+20 7.208155176582E+17 3.628738217603E+15 5.257918624380E+21 1.246137183787E+16 8.506999023564E+09 1.180524922499E+15 2.494387826557E+18 1.164228637205E+17 5.466978570100E+02 3.423393678212E+02 3.637476279339E+01 8.428229187677E+04 3.146331842493E+00 2.448284212095E+15
1.305836450737E+03 4.809654344115E-02 1.317807444734E-02 1.423560739203E+23 6.992937799536E+21 1.376125544814E+20 1.288346321377E+18 8.024967992185E+15 9.512880076797E+21 5.097056480125E+16 1.192013062003E+11 1.829593006442E+15 2.240814923459E+18 1.033433239130E+17 5.948455476531E+02 3.589772757667E+02 3.858661055281E+01 8.887890799526E+04 3.208496599404E+00 6.190845367592E+15
2.688029724517E+02 1.594110651803E-02 9.877350667926E-03 4.453075190128E+22 3.777022443748E+21 1.123101422868E+20 8.298004282260E+17 3.946703087122E+15 3.104844866765E+21 4.132179640895E+16 2.016092183322E+12 1.152563871543E+15 8.732314752300E+17 3.793167098239E+16 3.778702426987E+02 3.296147445855E+02 5.452248247363E+01 1.161165926383E+05 3.604528832274E+00 2.796659257980E+15
6.703379786336E+02 8.829082208487E-03 6.761933121278E-03 1.118957169004E+23 6.629230999114E+21 2.200934616532E+20 1.309079132153E+18 5.471856120848E+15 4.937000731013E+21 3.577639731762E+16 5.708435132519E+11 1.925209754747E+15 2.826335864747E+18 1.850609978240E+17 3.925635853016E+02 3.348053976221E+02 4.991859017723E+01 1.080981074654E+05 3.488793385278E+00 3.548394353013E+15
6.120174679187E+02 3.898226388601E-02 1.263375783867E-02 7.845380959688E+22 6.163713683430E+21 2.053564938920E+20 9.952763092205E+17 6.477922478611E+15 6.774822246799E+21 5.345024724196E+16 4.520421116929E+11 1.415102233479E+15 1.275809460403E+18 5.292580458123E+16 4.839418666149E+02 3.418584491899E+02 4.246576459066E+01 9.588134161963E+04 3.326196043355E+00 5.060644549732E+15
7.039053365339E+02 4.725612154941E-02 1.355061097757E-02 8.466975333214E+22 6.229260197094E+21 1.831018892021E+20 1.009963289696E+18 6.876345962001E+15 7.525823434480E+21 5.659474125236E+16 3.667128610455E+11 1.427792095913E+15 1.329375581803E+18 5.248992219434E+16 5.170293209143E+02 3.455180579677E+02 4.123764775668E+01 9.380656595763E+04 3.291775125678E+00 5.450484928704E+15
9.558347563490E+02 4.293693875764E-02 1.103834298736E-02 1.093824186246E+23 7.274816656140E+21 2.032719241373E+20 1.356929388310E+18 9.369250987025E+15 9.868711571409E+21 7.855512448862E+16 4.818446695869E+11 1.884021488090E+15 1.916488348523E+18 7.999230970428E+16 5.462847697131E+02 3.552983256914E+02 4.104367898374E+01 9.356259508454E+04 3.282513864965E+00 7.485820293279E+15
3.780050428910E+02 2.951232593957E-02 7.943246801728E-03 4.963783483555E+22 5.359015210283E+21 2.364616565217E+20 1.242261762635E+18 9.952141719025E+15 7.768878370536E+21 1.599595416433E+17 1.203019290008E+13 1.686345448854E+15 9.988648385666E+17 4.026532283104E+16 4.345837325850E+02 3.410794768216E+02 5.138507451378E+01 1.122876309024E+05 3.558662240711E+00 8.277884459049E+15
2.635760768606E+02 1.728998119529E-02 8.954971009912E-03 4.232661043977E+22 3.848329425252E+21 1.233158103465E+20 9.289467799249E+17 4.877726843043E+15 3.685138974507E+21 6.056936716070E+16 4.201716957186E+12 1.262190033916E+15 8.742746440687E+17 3.682839826119E+16 3.819540517344E+02 3.308055127357E+02 5.567850188859E+01 1.182972451278E+05 3.635624657909E+00 3.619973619932E+15
1.023520082043E+03 3.388570495007E-02 9.692190058132E-03 1.223042162429E+23 7.814577804600E+21 2.438969175821E+20 1.507327675521E+18 9.702921028734E+15 9.969331315028E+21 7.584099224747E+16 4.666385280532E+11 2.100720338580E+15 2.390245655892E+18 1.063693709837E+17 5.282665008695E+02 3.552848689620E+02 4.147997108163E+01 9.418658636077E+04 3.293054205502E+00 7.604706180015E+15
4.332676206133E+02 3.778537410689E-02 1.865218561503E-02 6.227089196875E+22 4.667646594369E+21 1.413879787958E+20 5.908976990368E+17 3.183851579969E+15 3.617463431105E+21 1.901679282319E+16 9.430842819825E+10 8.883251551232E+14 8.185375190206E+17 3.475777853655E+16 4.438800306102E+02 3.323078432360E+02 4.170399228850E+01 9.398113780163E+04 3.307149444763E+00 2.295635209882E+15
4.584329829087E+02 7.065462802888E-03 8.606874042368E-03 8.357814967392E+22 4.655445527235E+21 1.178876246789E+20 8.141774421640E+17 3.008100953839E+15 2.519788912641E+21 1.661090433223E+16 2.505811915040E+11 1.301438122544E+15 1.864170301028E+18 1.106754894312E+17 3.654016187274E+02 3.285973156293E+02 5.181932321251E+01 1.110339239836E+05 3.526120364939E+00 1.707030486710E+15
8.866432091752E+02 1.988375279669E-02 1.951619081809E-02 1.379162928693E+23 4.679533586012E+21 1.321767094141E+20 4.773267754729E+17 2.121621858135E+15 2.883319158422E+21 4.709056251649E+15 2.980460231485E+09 9.135168333855E+14 2.492161889434E+18 1.427362573802E+17 4.410252471272E+02 3.316313537123E+02 3.735107242853E+01 8.576319189122E+04 3.174797712081E+00 1.209290897212E+15
4.443957859659E+01 2.963107489331E-02 1.202289599146E-02 7.152137564579E+21 6.847891126780E+20 2.111276722772E+19 4.215298952785E+17 2.916282952862E+15 1.355287617074E+21 1.097583619477E+17 1.117444749730E+14 5.330723981823E+14 1.852359034517E+17 2.418046184437E+15 3.494073299662E+02 3.256365540449E+02 8.429872224156E+01 1.631656943729E+05 4.261663866093E+00 2.495507644392E+15
4.176306867870E+02 1.023982882018E-02 1.873223985393E-02 7.743904018221E+22 3.282485742004E+21 7.822309588120E+19 3.173287058863E+17 1.209364252038E+15 1.294440521003E+21 3.369157445388E+15 1.053593543885E+10 6.279338188961E+14 1.111881174052E+18 6.905437788963E+16 3.684622813514E+02 3.260490845868E+02 4.522580989793E+01 9.958713954769E+04 3.373339923500E+00 5.816644141840E+14
6.491064503146E+02 2.394912571666E-02 1.750289618307E-02 9.922944246297E+22 5.098373819370E+21 1.491773403116E+20 5.868132407232E+17 2.694917792268E+15 3.304006780818E+21 9.700020425726E+15 1.736585136035E+10 9.685876773525E+14 1.538942705469E+18 8.109040053204E+16 4.361996336748E+02 3.320782619394E+02 3.966887091445E+01 9.003093388622E+04 3.245162097581E+00 1.725061978602E+15
1.037422567870E+03 3.219793589491E-02 1.032825048885E-02 1.273524463234E+23 7.595070669157E+21 2.344529540647E+20 1.397352080759E+18 8.426170099692E+15 9.002258555051E+21 5.806712021128E+16 2.733662085672E+11 1.978056529468E+15 2.481605166890E+18 1.135921010821E+17 5.211353051088E+02 3.521994577869E+02 4.093793369259E+01 9.303788654149E+04 3.277740867339E+00 6.450508941445E+15
4.564087784918E+02 3.852219105292E-02 1.396979544686E-02 6.174861310773E+22 5.313910829995E+21 1.822907050015E+20 8.209823337747E+17 5.185745334885E+15 5.291093593859E+21 4.388644564273E+16 4.791577263550E+11 1.178514015645E+15 9.258312390640E+17 3.805785841879E+16 4.557382513712E+02 3.365815507688E+02 4.362986490664E+01 9.784178664135E+04 3.359500425890E+00 4.007719426529E+15
3.881673262602E+02 1.638092315597E-02 6.923121362846E-03 5.874200226824E+22 5.377703980425E+21 1.992926043828E+20 1.307558159203E+18 7.614716852366E+15 5.928772713912E+21 9.835637726695E+16 6.450544990134E+12 1.758251577697E+15 1.350942953294E+18 6.432700729835E+16 4.002416901653E+02 3.361330176943E+02 5.395204282252E+01 1.157209681040E+05 3.600700744126E+00 5.863515386945E+15
4.116333338622E+02 3.688351226378E-02 1.052231951298E-02 5.353300135093E+22 5.420196295832E+21 2.169754545181E+20 1.031121183845E+18 7.765138751844E+15 6.847851553865E+21 9.699436614154E+16 3.101052578150E+12 1.436377130386E+15 9.148437702913E+17 3.608347821267E+16 4.516147513347E+02 3.398373949609E+02 4.720871351515E+01 1.047055241536E+05 3.455574881083E+00 6.325540601430E+15
1.178833738674E+02 1.347049671519E-02 5.007694621037E-03 1.837678031967E+22 1.795101152207E+21 6.039744724268E+19 1.073167876960E+18 7.770719269812E+15 3.704750968785E+21 2.863896555371E+17 2.779788786509E+14 1.340567700506E+15 6.154079774873E+17 1.515588301794E+16 3.568418792270E+02 3.300266413334E+02 8.134196219439E+01 1.591708211318E+05 4.209129583261E+00 6.708163380668E+15
1.099209198050E+03 2.650662075350E-02 8.225074557610E-03 1.362364376433E+23 8.476642194092E+21 2.948756969871E+20 1.730889280039E+18 1.057993804492E+16 1.041159915580E+22 7.994059534173E+16 5.416732002408E+11 2.412048689351E+15 2.971059294729E+18 1.423282017956E+17 5.122587305405E+02 3.563228780552E+02 4.217963904981E+01 9.533928418463E+04 3.310249304247E+00 8.165199656669E+15
9.928788031671E+02 2.095181669623E-02 1.922113953007E-02 1.501277674062E+23 4.793508514838E+21 1.353939668615E+20 5.112809496729E+17 2.299645046504E+15 3.188101280384E+21 5.091661813612E+15 2.890248666239E+09 9.752357829833E+14 2.850910045716E+18 1.598870197059E+17 4.544395128576E+02 3.329797894121E+02 3.695689474859E+01 8.507134824769E+04 3.163056488553E+00 1.324418855625E+15
1.151912069303E+03 1.643085104564E-02 9.718133303157E-03 1.676080805485E+23 7.353971444060E+21 2.622284052969E+20 1.227158987241E+18 5.703271605252E+15 6.192295447274E+21 2.294923586679E+16 5.310485043495E+10 1.936504369757E+15 3.859837192551E+18 2.339482500688E+17 4.598894355719E+02 3.422375616898E+02 4.048400666322E+01 9.168550008462E+04 3.258856723203E+00 3.767733699770E+15
3.679724531505E+02 2.252851964237E-02 1.958676141316E-02 6.087146816776E+22 3.919822420347E+21 1.077708800227E+20 4.483490010355E+17 1.946269548805E+15 2.101567474497E+21 8.370378641674E+15 3.361529774782E+10 7.294925300485E+14 7.815255141827E+17 3.886119895545E+16 3.977862041180E+02 3.280585166401E+02 4.298704267086E+01 9.584555730761E+04 3.333979707308E+00 1.217017853233E+15
5.875408107945E+02 4.671189770920E-02 1.324276324128E-02 7.209922482939E+22 5.962444896404E+21 1.935131384013E+20 9.713762217976E+17 6.889400434667E+15 7.167420431468E+21 6.321146395134E+16 6.065329456140E+11 1.372816338508E+15 1.121772324712E+18 4.330172977363E+16 4.981717383948E+02 3.431741520069E+02 4.239003882776E+01 9.596738044158E+04 3.325793905897E+00 5.514198107795E+15
1.219340531468E+03 4.871219436481E-02 9.658818344067E-03 1.251538745946E+23 8.022921075835E+21 1.833712822210E+20 1.744792061606E+18 1.343892494621E+16 1.334410063867E+22 1.299426691613E+17 8.808230704612E+11 2.361296395359E+15 2.109810351819E+18 9.132649321525E+16 6.019993640066E+02 3.716164565269E+02 4.084955527113E+01 9.357552136906E+04 3.274434632945E+00 1.108028863160E+16
9.984136204774E+01 2.602127301324E-02 1.618449079048E-02 1.705868917441E+22 1.565293017119E+21 4.054221741409E+19 4.488879363075E+17 2.164262956268E+15 1.391224054105E+21 3.018120513548E+16 3.421990067688E+12 6.090586358396E+14 3.206407616946E+17 7.342328185331E+15 3.605739687058E+02 3.258734114212E+02 6.098959729325E+01 1.267203361067E+05 3.746793710797E+00 1.557194589261E+15
9.518782117449E+02 2.653513366908E-02 1.477449548566E-02 1.325308842122E+23 6.049471700108E+21 1.794429048948E+20 8.298603753340E+17 4.037307275679E+15 5.045622119431E+21 1.578864393580E+16 2.515508035101E+10 1.319220590639E+15 2.427660808402E+18 1.232929506542E+17 4.794204339462E+02 3.387484992492E+02 3.888727243416E+01 8.882494876751E+04 3.218993772065E+00 2.718892950024E+15
3.956465598791E+02 4.774874472141E-02 1.807907598485E-02 5.350506504382E+22 4.606971392149E+21 1.465568331349E+20 6.344389721183E+17 3.954483114992E+15 4.292315045342E+21 3.087302695572E+16 2.528447720239E+11 9.258950136944E+14 6.953356692179E+17 2.645511830074E+16 4.581281658716E+02 3.340042720109E+02 4.253553341684E+01 9.580328495570E+04 3.332609916955E+00 3.028870564847E+15
1.102525868095E+03 1.574313167849E-02 1.023194955263E-02 1.641143163168E+23 7.029406752407E+21 2.471788060003E+20 1.114217859363E+18 5.069202335493E+15 5.569478855166E+21 1.894009789692E+16 3.933840984088E+10 1.798778129282E+15 3.708867974219E+18 2.296147851014E+17 4.512566627599E+02 3.399909237035E+02 4.035128756397E+01 9.139076862197E+04 3.255251954857E+00 3.271272862646E+15
7.892861453248E+02 1.642123806028E-02 1.451007155930E-02 1.259654811309E+23 5.457407943424E+21 1.681427876195E+20 6.577308689369E+17 2.866994336212E+15 3.348250003051E+21 8.625189959038E+15 1.281754839888E+10 1.147201284856E+15 2.304305392226E+18 1.410369043845E+17 4.236498948804E+02 3.323343758942E+02 3.977301425279E+01 9.018317801566E+04 3.241916133529E+00 1.719820655895E+15
1.089877526450E+02 1.498592990219E-02 1.537802963006E-02 2.013947133836E+22 1.521430365818E+21 2.944872099148E+19 4.130074681234E+17 1.575193458697E+15 9.627137024675E+20 1.663953625459E+16 1.263982895704E+12 5.944072458917E+14 4.271765191893E+17 9.175800452458E+15 3.484766175986E+02 3.250163808409E+02 6.222758472924E+01 1.281724306913E+05 3.753418447137E+00 9.820552098750E+14
4.587852784952E+02 2.801286299595E-02 4.121292420901E-03 4.840002527227E+22 6.277877625786E+21 3.984451776183E+20 2.194498510996E+18 2.941111308024E+16 1.665360091000E+22 9.095450925511E+17 2.956722757090E+14 2.924536036810E+15 1.358499206733E+18 4.623416198185E+16 4.633485562648E+02 3.632274470168E+02 5.588713110584E+01 1.222830038502E+05 3.705049609747E+00 2.678503159733E+16
7.657068599143E+02 5.499250772029E-03 1.670532793423E-02 1.471808386815E+23 3.159928961976E+21 7.972035207168E+19 2.562186907951E+17 1.142627752539E+15 1.244636509104E+21 1.513903231389E+15 1.255718187238E+09 7.225570303135E+14 3.239378696429E+18 2.571037722975E+17 3.656669798387E+02 3.261524568798E+02 4.155668293001E+01 9.312244822711E+04 3.276377465419E+00 4.203936772703E+14
1.225635483770E+03 3.037991111710E-02 1.078323713378E-02 1.510295663841E+23 7.558860899350E+21 2.192834610982E+20 1.381217819779E+18 7.716677111972E+15 8.635379086828E+21 4.383716130631E+16 1.256231844849E+11 2.004663582156E+15 3.040833591875E+18 1.457905667255E+17 5.301578508980E+02 3.527745536569E+02 3.978847048355E+01 9.082470793168E+04 3.242227256376E+00 5.712266174928E+15
9.986605439253E+01 2.252116663156E-02 1.736759123192E-02 1.766584402628E+22 1.504674843182E+21 3.464354280170E+19 4.042622421655E+17 1.741727746016E+15 1.121918763428E+21 2.069506413899E+16 1.750056467757E+12 5.628563608692E+14 3.314049919841E+17 7.303494051425E+15 3.558470315166E+02 3.253466893009E+02 6.047512625402E+01 1.256093600753E+05 3.728034313981E+00 1.180622930922E+15
9.206140017254E+02 6.897439808980E-03 1.695406257223E-02 1.707987227100E+23 3.619440494194E+21 9.693353866971E+19 2.961858035791E+17 1.388786271429E+15 1.504893446939E+21 1.504619950300E+15 5.186500062275E+08 8.354890467065E+14 3.930888778024E+18 3.051776794841E+17 3.788118880660E+02 3.271471492410E+02 3.773586629571E+01 8.630237503136E+04 3.179317653882E+00 5.528788698498E+14
1.331963283802E+03 2.109898350695E-02 1.209981566725E-02 1.831293127684E+23 6.724319801086E+21 2.119169749230E+20 1.059730098445E+18 4.991487869512E+15 6.022314723244E+21 1.715893662037E+16 2.086888426592E+10 1.735670655752E+15 4.092246261022E+18 2.269479259651E+17 4.919835884585E+02 3.436948968374E+02 3.843449241544E+01 8.797726169263E+04 3.202680875913E+00 3.255863234640E+15
6.205568598888E+02 4.065093573632E-02 1.007245239849E-02 7.447631823363E+22 6.665550439869E+21 2.454186657816E+20 1.254928796784E+18 9.741353872132E+15 9.084373858883E+21 1.090578028160E+17 1.869543115429E+12 1.743104773553E+15 1.320898155040E+18 5.178547546515E+16 4.968053283589E+02 3.483712030734E+02 4.416909040159E+01 9.945420967631E+04 3.374066306107E+00 8.000320982520E+15
1.314603899869E+03 2.711165473703E-02 5.522569898230E-03 1.435349666144E+23 1.034234686905E+22 3.750181928104E+20 2.763033238179E+18 2.135868741271E+16 1.744118378858E+22 2.454149755099E+17 4.130970376448E+12 3.667670058853E+15 3.512828041661E+18 1.569403999208E+17 5.545805789599E+02 3.821671122531E+02 4.427440055737E+01 9.983203826779E+04 3.366433240236E+00 1.769541167428E+16
9.877896204550E+01 2.555601468132E-02 1.551170886963E-02 1.684105448550E+22 1.553855389176E+21 4.047149960686E+19 4.641227958327E+17 2.270520134720E+15 1.433067187156E+21 3.316961426639E+16 4.226363920741E+12 6.260241175595E+14 3.267378160651E+17 7.401094494027E+15 3.601014628242E+02 3.259453646846E+02 6.180134984965E+01 1.280729160476E+05 3.764598434266E+00 1.647295605361E+15
2.704883657016E+02 4.983480809061E-02 1.509404529738E-02 3.603378024324E+22 3.893709189599E+21 1.488100963237E+20 6.822039587052E+17 5.097792481407E+15 4.592032071047E+21 6.408566645355E+16 2.148787258155E+12 9.644699927656E+14 5.033248235157E+17 1.739319936708E+16 4.385969606531E+02 3.337721384119E+02 4.744907093142E+01 1.050356052901E+05 3.465082186874E+00 4.135559874518E+15
1.013534416905E+03 1.996402279906E-02 1.651531724256E-02 1.522568824530E+23 5.312602747028E+21 1.582032622834E+20 6.272049294150E+17 2.815542394773E+15 3.690000054188E+21 7.212213714215E+15 5.703441751834E+09 1.136454931286E+15 2.980467450257E+18 1.704696847849E+17 4.547751772807E+02 3.344925803210E+02 3.773567277059E+01 8.653014171555E+04 3.184856227082E+00 1.680476672787E+15
2.853914283268E+02 1.709727262638E-02 1.730022952245E-02 4.971672991968E+22 3.315334287351E+21 8.545078742192E+19 4.456984389975E+17 1.780145329951E+15 1.745093558477E+21 9.687272430926E+15 1.039857490695E+11 7.028363544016E+14 6.880238007611E+17 3.298276092604E+16 3.767725563373E+02 3.269288669287E+02 4.842890801600E+01 1.052900579120E+05 3.459747207584E+00 1.077435301101E+15
1.093617885027E+02 4.175982224344E-02 1.930234830411E-02 1.726219506719E+22 1.776831617749E+21 5.692941164423E+19 4.230675371799E+17 2.434851515192E+15 1.792679317708E+21 3.462890941895E+16 3.126974177222E+12 5.764526621113E+14 2.551296566042E+17 6.599084332974E+15 3.792043031340E+02 3.267762273463E+02 5.634501033826E+01 1.195426639904E+05 3.660438905267E+00 1.861607610319E+15
3.201330123430E+02 6.632541520943E-03 1.942101379450E-02 6.333163416458E+22 2.343328111417E+21 4.574961434696E+19 2.219959537256E+17 8.348911674893E+14 7.232352341700E+20 2.096507316263E+15 8.356258378383E+09 5.037358856260E+14 8.758008738027E+17 4.885655337541E+16 3.489708105598E+02 3.246716894630E+02 4.869112283989E+01 1.054968903122E+05 3.446441951399E+00 3.311686302484E+14
9.907714290065E+02 3.129986872212E-02 1.912004907044E-02 1.355550458758E+23 5.253677361468E+21 1.355826656564E+20 6.361039655574E+17 3.052186367859E+15 4.276150539336E+21 9.706594357407E+15 8.203441421381E+09 1.068351268519E+15 2.330129503974E+18 1.124955447444E+17 4.941462783051E+02 3.369823602750E+02 3.723134270827E+01 8.574270155185E+04 3.172373781997E+00 1.983852757932E+15
1.160501609263E+03 3.824610995815E-02 5.516478884980E-03 1.118510941087E+23 9.670194223609E+21 3.305629458145E+20 2.730357995486E+18 2.802620564448E+16 2.081235697674E+22 4.531741393013E+17 1.434535071812E+13 3.612637029067E+15 2.456233260960E+18 9.592552158603E+16 5.891953606387E+02 3.941758065272E+02 4.509193679459E+01 1.022673484852E+05 3.395540044177E+00 2.442941457621E+16
3.949915979532E+02 4.044028661231E-02 1.955317858618E-02 5.670146288777E+22 4.436133983897E+21 1.343471226913E+20 5.593399823562E+17 3.062841713842E+15 3.449183802765E+21 1.911017048577E+16 1.053152009373E+11 8.385373485620E+14 7.173252815363E+17 2.940579452341E+16 4.420329348156E+02 3.317550300279E+02 4.195647420115E+01 9.445503285388E+04 3.315077085370E+00 2.224429128683E+15
1.840353943686E+02 2.051171502407E-02 1.642034485765E-02 3.176018026897E+22 2.570745344065E+21 6.646092460895E+19 4.721418135473E+17 2.013689492327E+15 1.654831710529E+21 1.697041058815E+16 5.334582513708E+11 6.861506828237E+14 4.818958952565E+17 1.750214441124E+16 3.697317278518E+02 3.265501696531E+02 5.330223897651E+01 1.137724554289E+05 3.573675631116E+00 1.328168521441E+15
3.992801126938E+02 1.299260577168E-02 1.891448586322E-02 7.184451640323E+22 3.507198712797E+21 8.697718533648E+19 3.595591437819E+17 1.392428034175E+15 1.500681844384E+21 4.440730943894E+15 1.510476384488E+10 6.603824853801E+14 9.931621911692E+17 5.798248842489E+16 3.758739353037E+02 3.265535714697E+02 4.458748807334E+01 9.850628900186E+04 3.362547365635E+00 7.324837659477E+14
9.335952714589E+01 3.984233696254E-02 9.009291125451E-03 1.248077092084E+22 1.487731360534E+21 7.453066651130E+19 7.276575526173E+17 7.528584780687E+15 3.789614582274E+21 2.795479990005E+17 2.248680225085E+14 9.179045300120E+14 2.674337203992E+17 6.382720447301E+15 3.792444925511E+02 3.305805247923E+02 6.921222978896E+01 1.427113287273E+05 4.000885385839E+00 6.835566442098E+15
7.938225281503E+01 3.330605406505E-02 8.017369702699E-03 1.087775345744E+22 1.231045070475E+21 5.903650519770E+19 7.240975196306E+17 7.257561732950E+15 3.427640813326E+21 3.166603258651E+17 3.714900543339E+14 8.960211485888E+14 2.562697699003E+17 5.609865821709E+15 3.687546602408E+02 3.296985322287E+02 7.602962764364E+01 1.529610778782E+05 4.152868772475E+00 6.733054415032E+15
3.297506068733E+02 3.790043929067E-02 8.869193032118E-03 4.138018434532E+22 4.795161053441E+21 2.212814596677E+20 1.106224537436E+18 1.001472246608E+16 7.659740035902E+21 1.796064560224E+17 1.582728283445E+13 1.514423060602E+15 7.726863696693E+17 2.821676684778E+16 4.418436248230E+02 3.408252909220E+02 5.115437422579E+01 1.123012362714E+05 3.560530054818E+00 8.516224673831E+15
6.757035573579E+02 4.460325154685E-02 6.679827225907E-03 6.857644272561E+22 7.419859439249E+21 3.265284010111E+20 1.851309123491E+18 2.127765485242E+16 1.565877329240E+22 4.076274009946E+17 2.344719906957E+13 2.525223861726E+15 1.428753097359E+18 4.899107535781E+16 5.320908215767E+02 3.683183621259E+02 4.690304176341E+01 1.058369887921E+05 3.455827368647E+00 1.877688624734E+16
1.154458052692E+03 4.520361490458E-02 1.212713199962E-02 1.289802051930E+23 7.182857088404E+21 1.663224049330E+20 1.330838980901E+18 8.589996970977E+15 9.694740076477E+21 6.088888128410E+16 2.116463801008E+11 1.868299466870E+15 2.159026294266E+18 9.497060036191E+16 5.726183176691E+02 3.574876445171E+02 3.959583027245E+01 9.080651242172E+04 3.238145072174E+00 6.724592062416E+15
8.407223946510E+02 3.619710355287E-02 1.731532237504E-02 1.117569912313E+23 5.649822101277E+21 1.511213641664E+20 7.437767522531E+17 3.858121735235E+15 5.016308299263E+21 1.718087004009E+16 2.977530767755E+10 1.148671605606E+15 1.789703625746E+18 8.098460887427E+16 4.967801117661E+02 3.386246184154E+02 3.864696225774E+01 8.849455818838E+04 3.214549933778E+00 2.710314405114E+15
1.720628279857E+02 1.170194203848E-02 1.304418068952E-02 3.178826502742E+22 2.265713692763E+21 4.626284382300E+19 5.046620855057E+17 1.887159558948E+15 1.270614914408E+21 1.556773308407E+16 6.393437866446E+11 7.545668129826E+14 6.310453855623E+17 1.969782689701E+16 3.523415149842E+02 3.256729756287E+02 5.754552382372E+01 1.205809818756E+05 3.654287935769E+00 1.133547730668E+15
1.293477108206E+03 1.651420600617E-02 6.009271180454E-03 1.708008045845E+23 9.776592540300E+21 3.978539380830E+20 2.263388560086E+18 1.246435037611E+16 1.132971171569E+22 8.781594423123E+16 6.916351624714E+11 3.158437487754E+15 4.542983071395E+18 2.555627261173E+17 4.871766135545E+02 3.588087259456E+02 4.353218275081E+01 9.756466575226E+04 3.341422703586E+00 9.312453293568E+15
1.440422714446E+02 4.340467847455E-02 1.615848143754E-02 2.134695346274E+22 2.329739210473E+21 8.492300726785E+19 5.325539925547E+17 3.540260841761E+15 2.709743753844E+21 5.431124592633E+16 4.944816233659E+12 7.261619286358E+14 3.167427057790E+17 9.484605713960E+15 3.941246513713E+02 3.287639830322E+02 5.461237986812E+01 1.171000428216E+05 3.629141679908E+00 2.819132281353E+15
8.566541972151E+02 1.773816233986E-02 9.777184118162E-03 1.265580156256E+23 7.086903310797E+21 2.511194348015E+20 1.166589492252E+18 5.642091094938E+15 5.858452981686E+21 2.880438838747E+16 1.248737706748E+11 1.758594890207E+15 2.620611390991E+18 1.515365144845E+17 4.439696731904E+02 3.394855811160E+02 4.223431979260E+01 9.485340673497E+04 3.310246494242E+00 3.884033224996E+15
3.526110014544E+02 4.997440528345E-02 1.174837402393E-02 4.312254979189E+22 4.805673857189E+21 2.001829803648E+20 9.207016408504E+17 8.125689540982E+15 6.961671837231E+21 1.198725086644E+17 4.940221023533E+12 1.291107724613E+15 6.818581285837E+17 2.359390216480E+16 4.635985265982E+02 3.401286222357E+02 4.718300441487E+01 1.051533717264E+05 3.461901451470E+00 6.840269482531E+15
2.583159864732E+02 4.717219975285E-02 1.158450170027E-02 3.293278968349E+22 3.890582292493E+21 1.721546001142E+20 8.361195763173E+17 7.420529858947E+15 5.865343736066E+21 1.281319961566E+17 1.015194600166E+13 1.157006797147E+15 5.311153803783E+17 1.795054303309E+16 4.365296757394E+02 3.364042895262E+02 5.068996682834E+01 1.113770139884E+05 3.549957544631E+00 6.274843476807E+15
1.279349888697E+03 4.008322823337E-02 9.361182891916E-03 1.388632774327E+23 8.237175159912E+21 2.080984422498E+20 1.764821843285E+18 1.218311117765E+16 1.236831735373E+22 1.019552132785E+17 5.579523715514E+11 2.415538580897E+15 2.585592411595E+18 1.155015184193E+17 5.803105999218E+02 3.677130695138E+02 4.075455365094E+01 9.309965045033E+04 3.270858931954E+00 9.769894615802E+15
9.009214858909E+02 3.877737071103E-02 1.676108766201E-02 1.157414700838E+23 5.834456510077E+21 1.502165136914E+20 8.086417289971E+17 4.328685111807E+15 5.596852822074E+21 2.054251840184E+16 3.698632806898E+10 1.228715082303E+15 1.866965735567E+18 8.294332021856E+16 5.124964278037E+02 3.409948579313E+02 3.857491104570E+01 8.844244789405E+04 3.211987538211E+00 3.100542910660E+15
8.279843672350E+02 2.455009311741E-02 1.277701985087E-02 1.173394398114E+23 6.403869632743E+21 2.062822054816E+20 9.374954141308E+17 4.686002598401E+15 5.375976267544E+21 2.239090965809E+16 6.470391097003E+10 1.430274819726E+15 2.144400821520E+18 1.107413243526E+17 4.637132598002E+02 3.387129044897E+02 4.050902845091E+01 9.178484071023E+04 3.266660746813E+00 3.255882692355E+15
9.830567008308E+02 3.427770809515E-02 1.005444129053E-02 1.185002774348E+23 7.630217650515E+21 2.384327652347E+20 1.434105827239E+18 9.167299493263E+15 9.520819804382E+21 7.063970893837E+16 4.253734307130E+11 2.005937904820E+15 2.275069885914E+18 1.008160031574E+17 5.239685259316E+02 3.534548453814E+02 4.143869765385E+01 9.408368160999E+04 3.292394055554E+00 7.161895151102E+15
1.115477522149E+03 1.203785987197E-02 6.551635902782E-03 1.660609739763E+23 8.628975562478E+21 3.440722266947E+20 1.764709838309E+18 8.296434838144E+15 7.798515166600E+21 4.545902388540E+16 2.801255374160E+11 2.603035001296E+15 4.388634094060E+18 2.868647303400E+17 4.419001175268E+02 3.455394735563E+02 4.391853008568E+01 9.787888264184E+04 3.348410286611E+00 5.693688574007E+15
9.903822377721E+02 3.765193169042E-02 1.703798908523E-02 1.268578846083E+23 5.806718198465E+21 1.446446981186E+20 8.030925596626E+17 4.188442693476E+15 5.551307881539E+21 1.810381987863E+16 2.543214611059E+10 1.242428114898E+15 2.100967074556E+18 9.530790419570E+16 5.184428689180E+02 3.414480076942E+02 3.803530450363E+01 8.740998113465E+04 3.195694610683E+00 2.947869581607E+15
8.473378450319E+02 3.412217369774E-02 1.230300597675E-02 1.083650705636E+23 6.754149731487E+21 2.080572767120E+20 1.096384997904E+18 6.411062275760E+15 7.167653428795E+21 4.145243073298E+16 1.795875906684E+11 1.580750511266E+15 1.919114663936E+18 8.616340439771E+16 5.010149794794E+02 3.448810953184E+02 4.079987988578E+01 9.266749311672E+04 3.276271488647E+00 4.831291437654E+15
7.383990731957E+01 6.715601433601E-03 1.490721556603E-02 1.492542513368E+22 7.621166723529E+20 8.511234470223E+18 2.650735197574E+17 8.523768926114E+14 3.747205542244E+20 8.659163037408E+15 9.784071591210E+11 4.470036423196E+14 4.912003199885E+17 4.901209864012E+15 3.328003305698E+02 3.238507586836E+02 7.520362748320E+01 1.477054485623E+05 3.978379076218E+00 4.063749019511E+14
2.134935500040E+02 1.504666411690E-02 7.255478831597E-03 3.456571547796E+22 3.270054985209E+21 1.018975538569E+20 1.044525575714E+18 5.803790267719E+15 3.704077697112E+21 9.551427901153E+16 1.465310089216E+13 1.376071317912E+15 8.671141145800E+17 3.159178435354E+16 3.713707968476E+02 3.305286669933E+02 6.133314031492E+01 1.277322214670E+05 3.761741435669E+00 4.442458787695E+15
5.312039292276E+02 2.015215987995E-02 1.454160774383E-02 8.422513130689E+22 5.155786235936E+21 1.577256942922E+20 6.713332949394E+17 3.054551857319E+15 3.290809862479E+21 1.391383960844E+16 5.487638615929E+10 1.059994189401E+15 1.324880250612E+18 7.197703024986E+16 4.144657867170E+02 3.313424230488E+02 4.242348769032E+01 9.497981876225E+04 3.318356524795E+00 1.993415534856E+15
8.054537471093E+02 4.857839474612E-02 1.334511310460E-02 9.409854194361E+22 6.461957579708E+21 1.756835576841E+20 1.080044261418E+18 7.355857784490E+15 8.174270184792E+21 5.902434177940E+16 3.218781925202E+11 1.520036294754E+15 1.490436926406E+18 5.962713365821E+16 5.356528760258E+02 3.487082874011E+02 4.067215087554E+01 9.280818338758E+04 3.274441694432E+00 5.838990828912E+15
1.042393975669E+02 9.500909033213E-03 1.060378855511E-02 1.967212596622E+22 1.395581427347E+21 2.335094619221E+19 5.086124144865E+17 1.884899505718E+15 1.007697241942E+21 2.677624187790E+16 4.610489064175E+12 7.171770611357E+14 5.830006097638E+17 1.047507056868E+16 3.416703335614E+02 3.250359710587E+02 7.197036790617E+01 1.432293562033E+05 3.942107928359E+00 1.172509891253E+15
1.198295841144E+03 2.581431131341E-02 7.854660131199E-03 1.467273040100E+23 8.782313733687E+21 3.027895437178E+20 1.862141658914E+18 1.133388148352E+16 1.106170510897E+22 8.473360412966E+16 5.455742645561E+11 2.588325957987E+15 3.300425456505E+18 1.598260783625E+17 5.201033765694E+02 3.594352293850E+02 4.203984058850E+01 9.509456636512E+04 3.305422410063E+00 8.742076312905E+15
1.156930358475E+03 8.293983883259E-03 7.441527108387E-03 1.900841653598E+23 7.340083155162E+21 2.717945556109E+20 1.281095836167E+18 5.287246686844E+15 5.141221427207E+21 1.826355111663E+16 5.325206117954E+10 2.171931481953E+15 5.249300121904E+18 4.023413987313E+17 4.131160702177E+02 3.376179112345E+02 4.274554740870E+01 9.549873787200E+04 3.313639571320E+00 3.115734277669E+15
5.086880130602E+02 4.520071582291E-02 1.727102125313E-02 6.747844503256E+22 5.150611048804E+21 1.558312727994E+20 7.025923458394E+17 4.245024467082E+15 4.859054737470E+21 2.949837654848E+16 1.624789756516E+11 1.027820118473E+15 9.307045325899E+17 3.704740638527E+16 4.745221637585E+02 3.362094207201E+02 4.131071551379E+01 9.356060692073E+04 3.296799516009E+00 3.217378732864E+15
1.111370134656E+03 4.810071075194E-02 1.127901852470E-02 1.203236249809E+23 7.386707168303E+21 1.732128898720E+20 1.437878874614E+18 1.013051860314E+16 1.085209138530E+22 8.426446049942E+16 4.178027541855E+11 1.982991319517E+15 1.991987246607E+18 8.519812188394E+16 5.802073062982E+02 3.612416274390E+02 4.024997811604E+01 9.219841239680E+04 3.258724778835E+00 8.147359975756E+15
6.753239573955E+02 9.730872618181E-03 1.544427929739E-02 1.211470352449E+23 4.363538880774E+21 1.189690506794E+20 4.354539483896E+17 1.791194844737E+15 1.915887623258E+21 3.748225757064E+15 4.361713930929E+09 9.057292562920E+14 2.176070121122E+18 1.527326895528E+17 3.834940394569E+02 3.279295732777E+02 4.062045038889E+01 9.152575147446E+04 3.259830129318E+00 8.854302719522E+14
6.340800447126E+02 3.996979690223E-02 8.560592317506E-03 7.318083311576E+22 7.018551803013E+21 2.787808052817E+20 1.458939541276E+18 1.263605436692E+16 1.088920294022E+22 1.690339584373E+17 4.516511113962E+12 2.006850802448E+15 1.394811607463E+18 5.325692826469E+16 5.026594359996E+02 3.534055967044E+02 4.535544165680E+01 1.019481209089E+05 3.407425128898E+00 1.063379660900E+16
9.686473429445E+01 4.201401659760E-02 4.791155449045E-03 9.091529489795E+21 1.207945193587E+21 1.179250348037E+20 1.030565512491E+18 1.922884167648E+16 7.623389321824E+21 1.815823284717E+18 4.879633528401E+15 1.266868832039E+15 2.072590782329E+17 4.591375323817E+15 3.891467761745E+02 3.387938789835E+02 7.734404075801E+01 1.592268797283E+05 4.367949444683E+00 2.284639882949E+16
1.239937256309E+03 6.854854463960E-03 1.685032668186E-02 2.238712607605E+23 3.432444559425E+21 9.722951281783E+19 3.002104996946E+17 1.514094386687E+15 1.727772200745E+21 1.303697110389E+15 2.654690287423E+08 9.401336731878E+14 6.862911368463E+18 5.261476605440E+17 3.919442761985E+02 3.282650324520E+02 3.624416457646E+01 8.360930349409E+04 3.136715144069E+00 5.739647108428E+14
9.645312433156E+02 2.612375304874E-02 1.725020448342E-02 1.372101861083E+23 5.455728884802E+21 1.539358888840E+20 6.698576540102E+17 3.138360192528E+15 4.191598194966E+21 9.865296814718E+15 9.768623642896E+09 1.131568284710E+15 2.472386128639E+18 1.271655016812E+17 4.751984601078E+02 3.362269429255E+02 3.784885670152E+01 8.683312254260E+04 3.189588952217E+00 2.008553858764E+15
1.027363705806E+03 3.897813852580E-02 1.854630182694E-02 1.310701669830E+23 5.538030016384E+21 1.299172319327E+20 7.367459611436E+17 3.776701298168E+15 5.220263541590E+21 1.485942717467E+16 1.592550283270E+10 1.165103288589E+15 2.130792517167E+18 9.663696864846E+16 5.241714825157E+02 3.407380762422E+02 3.740123202760E+01 8.620522491171E+04 3.177354283559E+00 2.611623607537E+15
7.975496413317E+02 4.469794708696E-02 6.663193958861E-03 7.971133043786E+22 7.966907678214E+21 3.146828063134E+20 1.998545295808E+18 2.198003874514E+16 1.663863197495E+22 3.871477033623E+17 1.633741868795E+13 2.704836263517E+15 1.644426524538E+18 5.824223121314E+16 5.521059144334E+02 3.739539186050E+02 4.580943417328E+01 1.037330142636E+05 3.422204321202E+00 1.929243882455E+16
1.311305449478E+03 2.603209064126E-02 1.606926756369E-02 1.768394311010E+23 5.725342146743E+21 1.551765514965E+20 7.870595934036E+17 3.709993608870E+15 5.008875895064E+21 1.074214471902E+16 7.463830081424E+09 1.359011665499E+15 3.601662022982E+18 1.869068395580E+17 5.059197030601E+02 3.408101567365E+02 3.693686185449E+01 8.519412733549E+04 3.161252719262E+00 2.351003604452E+15
2.171289910990E+02 3.678966007686E-02 1.100813557339E-02 3.006969884287E+22 3.400982471084E+21 1.413521366620E+20 8.122379128988E+17 6.270368233313E+15 4.725147410630E+21 1.081961071247E+17 1.139872871976E+13 1.101395971853E+15 5.186847517839E+17 1.813487594602E+16 4.102276989721E+02 3.332586719259E+02 5.395221350701E+01 1.165073051416E+05 3.620886699014E+00 5.180813990509E+15
9.531081652840E+02 4.471114504956E-02 1.792156488893E-02 1.175944669726E+23 5.703581942739E+21 1.308460056258E+20 7.957027944349E+17 4.364203436849E+15 5.824029565483E+21 2.095440522681E+16 3.257380590419E+10 1.203701460176E+15 1.803589418410E+18 7.818092064342E+16 5.340876261740E+02 3.425116967022E+02 3.801173421180E+01 8.746792565532E+04 3.195659911820E+00 3.161780050793E+15
7.379130154301E+02 3.366099380102E-02 1.542923347279E-02 1.000682967560E+23 5.870503547643E+21 1.732527121034E+20 8.084620925250E+17 4.305924225885E+15 5.197485800676E+21 2.236353522926E+16 6.364895163122E+10 1.216515943927E+15 1.611144358103E+18 7.366207249024E+16 4.801582174014E+02 3.382672581590E+02 3.996691706815E+01 9.090753049448E+04 3.254506435522E+00 3.090046394525E+15
1.116479482305E+03 3.006003288853E-02 8.282737944307E-03 1.327225658953E+23 8.503541410750E+21 2.814647221711E+20 1.780869416436E+18 1.158869095179E+16 1.129844950680E+22 9.531323745008E+16 7.035224898433E+11 2.455946306359E+15 2.814944705672E+18 1.288219799278E+17 5.292064068535E+02 3.600071921774E+02 4.210226248709E+01 9.536427536530E+04 3.308712670097E+00 9.129078684062E+15
7.163215224370E+02 4.785898276376E-02 1.671975541005E-02 8.907692983061E+22 5.706640795537E+21 1.509708986581E+20 8.136627828501E+17 4.932967692276E+15 6.006481675885E+21 3.148228231310E+16 1.079536651863E+11 1.184336360792E+15 1.306305901441E+18 5.272232480659E+16 5.139867802364E+02 3.412596786281E+02 3.976172630994E+01 9.081871092336E+04 3.250298710037E+00 3.745017621426E+15
6.945183460366E+02 9.579596275302E-03 1.089487748776E-02 1.204744096017E+23 5.389003501333E+21 1.625612623531E+20 7.324361538813E+17 2.907701019819E+15 2.996050225409E+21 1.021599010561E+16 3.797133602089E+10 1.271806252692E+15 2.479258589591E+18 1.722926173389E+17 3.898818873176E+02 3.305132345358E+02 4.425894226088E+01 9.805513256642E+04 3.352772256343E+00 1.636360511304E+15
3.312979223694E+02 4.370495750345E-02 1.300910162488E-02 4.369226882689E+22 4.561445662068E+21 1.762513377414E+20 8.143165047364E+17 6.062999833069E+15 5.474111329011E+21 7.438703005423E+16 2.270282689132E+12 1.146273074199E+15 6.616741815737E+17 2.442366459859E+16 4.451586393146E+02 3.361383728178E+02 4.704424549707E+01 1.043400443354E+05 3.453237066006E+00 4.920456214547E+15
1.813444604788E+02 3.807272239022E-02 1.209252827064E-02 2.576665674594E+22 2.900572648598E+21 1.164163511211E+20 7.161908130251E+17 5.326618320471E+15 3.926050346255E+21 9.288780092650E+16 1.087123952228E+13 9.672531535409E+14 4.326920165718E+17 1.429090039893E+16 4.015634813429E+02 3.313752184217E+02 5.511249197737E+01 1.183382568124E+05 3.646171335609E+00 4.370260485737E+15
3.462997208607E+02 2.037514483939E-02 1.966407174811E-02 5.863544663874E+22 3.693130128495E+21 9.858317597056E+19 4.217979125205E+17 1.765637047302E+15 1.883891959792E+21 7.538540013405E+15 3.463599509683E+10 6.930161277372E+14 7.520923682302E+17 3.783969485539E+16 3.900137622772E+02 3.274555365200E+02 4.399394019185E+01 9.757790850924E+04 3.357026445815E+00 1.072695330837E+15
1.351696940244E+02 3.595070994082E-02 7.424268347161E-03 1.730454759111E+22 2.140454259927E+21 1.149967763508E+20 9.451415743370E+17 1.042385571768E+16 5.445023363885E+21 3.670799285487E+17 2.414105553133E+14 1.209166587681E+15 3.877687944440E+17 1.084382683985E+16 3.915931107929E+02 3.341203126389E+02 6.547933753684E+01 1.371158922608E+05 3.922542217458E+00 9.456271194275E+15
6.062922813381E+02 1.072472543386E-02 1.414133376602E-02 1.069257854577E+23 4.614982174588E+21 1.284613841842E+20 5.232362703366E+17 2.092494738699E+15 2.219819540758E+21 5.995741280586E+15 1.377932431469E+10 9.724258020486E+14 1.883894399967E+18 1.258951992496E+17 3.855782167417E+02 3.285403261397E+02 4.263287055786E+01 9.511280650589E+04 3.313999014839E+00 1.120013720618E+15
9.940476536332E+02 2.796705096944E-02 1.919806997362E-02 1.400502752935E+23 5.131065168660E+21 1.368369692407E+20 5.988880923334E+17 2.803818764606E+15 3.934407431712E+21 8.016338462733E+15 5.975788068919E+09 1.040355039819E+15 2.482715242194E+18 1.247642372852E+17 4.823863826611E+02 3.357185188140E+02 3.712353461571E+01 8.548792271386E+04 3.168922760713E+00 1.763480490292E+15
1.311183216896E+03 2.625103679805E-02 8.455872102941E-03 1.601179530387E+23 8.583008597059E+21 2.771136735781E+20 1.782477183714E+18 1.033754892610E+16 1.054798671776E+22 6.810205421884E+16 3.025844319654E+11 2.515054752237E+15 3.573204752800E+18 1.757412002598E+17 5.289914177667E+02 3.592653380805E+02 4.104999391275E+01 9.319722121329E+04 3.277543749371E+00 7.823029271388E+15
1.244916243664E+03 3.056732292035E-02 8.773436126791E-03 1.468292634995E+23 8.431219990010E+21 2.575964471742E+20 1.752070679684E+18 1.087155354472E+16 1.104202765001E+22 7.975070627146E+16 4.119639323943E+11 2.438944508367E+15 3.087575097873E+18 1.441858035992E+17 5.413551446602E+02 3.609723122453E+02 4.114404839163E+01 9.352411698108E+04 3.281242017884E+00 8.433246485696E+15
3.785101250606E+02 3.072223583723E-02 5.568189732912E-03 4.381813586806E+22 5.452187299486E+21 3.038461034061E+20 1.646319050944E+18 1.856853167440E+16 1.180312600308E+22 4.705175291234E+17 1.009783723943E+14 2.206027092759E+15 1.057895086454E+18 3.777970406815E+16 4.467167728279E+02 3.505129647778E+02 5.479779950457E+01 1.195586753886E+05 3.663417598275E+00 1.646380692969E+16
7.702747726203E+01 6.903263371339E-03 1.421366574508E-02 1.547613144337E+22 8.228408041749E+20 9.556491869678E+18 2.886929373160E+17 9.335896379132E+14 4.211964491354E+20 9.914103274557E+15 1.187085537062E+12 4.745582567549E+14 5.057757579385E+17 5.408825668081E+15 3.334940834213E+02 3.239367231478E+02 7.502760872834E+01 1.474670692049E+05 3.977534946245E+00 4.602405576055E+14
8.930625359563E+02 4.510920644341E-02 1.375630334857E-02 1.060508876992E+23 6.505959194609E+21 1.696251214709E+20 1.063242586234E+18 6.706501980628E+15 7.774667583813E+21 4.634675340458E+16 1.768565557617E+11 1.515030919859E+15 1.714134407067E+18 7.162421849200E+16 5.367875645572E+02 3.481729322723E+02 3.994157871568E+01 9.129366564898E+04 3.252639735255E+00 5.187478227828E+15
1.313147998546E+03 2.651776307470E-02 1.204500323261E-02 1.696814267244E+23 7.003705666290E+21 2.035755067362E+20 1.172897132740E+18 5.911831074094E+15 7.071284829266E+21 2.512997055767E+16 3.999448448691E+10 1.810684534302E+15 3.545733836368E+18 1.805360379748E+17 5.170112842150E+02 3.478225357650E+02 3.868886559329E+01 8.859072810926E+04 3.210590634301E+00 4.101232915457E+15
4.388419131041E+02 1.198894001998E-02 9.226596688905E-03 7.384844475241E+22 5.066011477025E+21 1.525506561303E+20 9.167377897033E+17 3.908353009986E+15 3.522883305924E+21 2.786828743344E+16 5.412239934029E+11 1.342329158248E+15 1.490435272356E+18 8.345692749213E+16 3.848592511200E+02 3.309788601192E+02 5.048947812910E+01 1.090457959375E+05 3.507018684701E+00 2.567005544641E+15
5.040557866509E+02 3.544946396766E-02 1.564362310726E-02 7.056009528791E+22 5.283675726733E+21 1.679362723848E+20 7.334508526581E+17 4.114616635558E+15 4.542505352429E+21 2.683835401902E+16 1.573141066579E+11 1.081384457508E+15 1.028140226623E+18 4.483190231731E+16 4.532141602900E+02 3.349573510681E+02 4.205736719481E+01 9.474145114825E+04 3.315402165834E+00 3.035179175417E+15
9.863976291813E+01 4.060738988662E-02 9.279899144239E-03 1.321078977614E+22 1.584237017159E+21 7.860596314087E+19 7.293001278484E+17 7.437468254253E+15 3.846012081798E+21 2.597598874785E+17 1.807884843167E+14 9.259818444436E+14 2.770669872257E+17 6.794957698043E+15 3.817009321674E+02 3.307352842632E+02 6.755276979862E+01 1.400187720055E+05 3.960630220007E+00 6.692288561921E+15
6.018763594868E+02 4.053397519460E-02 7.859892079718E-03 6.770453104770E+22 6.967546608298E+21 2.965195278845E+20 1.537444297542E+18 1.461315640370E+16 1.185561337779E+22 2.261830348583E+17 8.885719100336E+12 2.110072159408E+15 1.334924292067E+18 4.924675592631E+16 5.021010191732E+02 3.555692358969E+02 4.644522526414E+01 1.042205242129E+05 3.439297440508E+00 1.251237351445E+16
5.566225794236E+02 3.897109523210E-02 9.958107812373E-03 6.830272716068E+22 6.404633780484E+21 2.468145062021E+20 1.211999659605E+18 9.412234716038E+15 8.579693467426E+21 1.098384890891E+17 2.316690942853E+12 1.685778849261E+15 1.212148371003E+18 4.775729304446E+16 4.826325755858E+02 3.460302068196E+02 4.504695091385E+01 1.010070580922E+05 3.398416792583E+00 7.728787125584E+15
3.193187408861E+02 6.865963316704E-03 1.952840763477E-02 6.298205167964E+22 2.369397948573E+21 4.666640543193E+19 2.252810259408E+17 8.443964012483E+14 7.400261075895E+20 2.156008791462E+15 8.701601317166E+09 5.048943064110E+14 8.658803573886E+17 4.832454795441E+16 3.496925865004E+02 3.247090368939E+02 4.860742147334E+01 1.053554039822E+05 3.445032995667E+00 3.395145301058E+14
5.506691763671E+02 4.546525669696E-02 4.603387651414E-03 4.753151697391E+22 6.515476621312E+21 4.232930931578E+20 2.192553866335E+18 3.920472730179E+16 2.127738611101E+22 1.359336296764E+18 3.714302806329E+14 3.012051430833E+15 1.166861431849E+18 3.330108497836E+16 5.266187475920E+02 3.817808379127E+02 5.160617146911E+01 1.164785619725E+05 3.611618968253E+00 3.658898879735E+16
1.249840938378E+03 3.103178017783E-02 1.351606075870E-02 1.581180011673E+23 6.633820675304E+21 1.765768761222E+20 1.063291787334E+18 5.474650805486E+15 6.802574376658E+21 2.367636741097E+16 3.477694347578E+10 1.635825062450E+15 3.051268665922E+18 1.484204822214E+17 5.271278301258E+02 3.469835490885E+02 3.830215691944E+01 8.791490533080E+04 3.200590553494E+00 3.838874415969E+15
9.759782680351E+01 2.419824284123E-02 1.801930343140E-02 1.715427181482E+22 1.483312979452E+21 3.495258841071E+19 3.947527978901E+17 1.729765978963E+15 1.125384292776E+21 2.075526549760E+16 1.753494353958E+12 5.482936347758E+14 3.132734444708E+17 6.873227255544E+15 3.570590007624E+02 3.253582884183E+02 6.013883707417E+01 1.251006276900E+05 3.722462465445E+00 1.183228091419E+15
4.826545990167E+02 2.756629408822E-02 1.898975392467E-02 7.439091184691E+22 4.626370628368E+21 1.338320030468E+20 5.307202957036E+17 2.495777390134E+15 2.919105285382E+21 1.074041872060E+16 3.032545640496E+10 8.473013694841E+14 1.010527405972E+18 4.931419201858E+16 4.259545742695E+02 3.305351513015E+02 4.087232176027E+01 9.221632122502E+04 3.280916731509E+00 1.646917914053E+15
9.043172113236E+02 1.887109490945E-02 9.029917196150E-03 1.290511950233E+23 7.545051533222E+21 2.751971010794E+20 1.329487904867E+18 6.764008692307E+15 6.876256295532E+21 3.881524065302E+16 2.038125126006E+11 1.951532927520E+15 2.758221900229E+18 1.541736937699E+17 4.556528611112E+02 3.427454589510E+02 4.252652751938E+01 9.549844877601E+04 3.318332102627E+00 4.812715558229E+15
4.441961566366E+02 4.040522498425E-02 1.614046132485E-02 6.104486719533E+22 5.007843983702E+21 1.619752900190E+20 7.092666135970E+17 4.242210143582E+15 4.566050758619E+21 3.154586303190E+16 2.452333060454E+11 1.034364237840E+15 8.536499639600E+17 3.488262607799E+16 4.545411467946E+02 3.347872257793E+02 4.265180989165E+01 9.593850844587E+04 3.333545422897E+00 3.210299112085E+15
4.978533144596E+02 2.379000658688E-02 1.261182333576E-02 7.482282137322E+22 5.492200240631E+21 1.823004301505E+20 8.304130864698E+17 4.251761437593E+15 4.323351860058E+21 2.746416524041E+16 2.243002346263E+11 1.224783494398E+15 1.222166393458E+18 6.099071105119E+16 4.251229174396E+02 3.338046351650E+02 4.401325138173E+01 9.806531804550E+04 3.362633921973E+00 3.027209726804E+15
3.180628481289E+02 3.341617789947E-02 8.187746507493E-03 4.089051532208E+22 4.709559361931E+21 2.178976138900E+20 1.155778375237E+18 1.016940828043E+16 7.537981393511E+21 1.889001429248E+17 2.030207757926E+13 1.566609246806E+15 8.068775491381E+17 3.022213101815E+16 4.317819384865E+02 3.401581478265E+02 5.269642188562E+01 1.148697916351E+05 3.596584473819E+00 8.623161817013E+15
9.911767703036E+02 9.422231754928E-03 1.661782569449E-02 1.738709903151E+23 4.160369343901E+21 1.204851437182E+20 3.869918675289E+17 1.734791513391E+15 2.048218360607E+21 2.359413807236E+15 9.672218173423E+08 9.451505641491E+14 3.949385107821E+18 2.901069991836E+17 3.983861928675E+02 3.289001163608E+02 3.749266850298E+01 8.590378242533E+04 3.174157014168E+00 7.896487335430E+14
6.337653870658E+02 1.214327715743E-02 8.357392980499E-03 1.024015704231E+23 6.354967069056E+21 2.145939654842E+20 1.129587381208E+18 4.990185874742E+15 4.769747981359E+21 3.108721235426E+16 3.620747673298E+11 1.668730281890E+15 2.231901166096E+18 1.376925632728E+17 4.035807715969E+02 3.346925712022E+02 4.748100576766E+01 1.039601512644E+05 3.436494281936E+00 3.322033843583E+15
8.940284839166E+02 1.815735489447E-02 4.431630154781E-03 1.100952489115E+23 9.737449813015E+21 4.612461874432E+20 2.671463749151E+18 2.036331063782E+16 1.532656052995E+22 2.891262661198E+17 1.442920198907E+13 3.527128881924E+15 3.100678375484E+18 1.466948790705E+17 4.774961044638E+02 3.651176674535E+02 4.955365841669E+01 1.090590690633E+05 3.505053220982E+00 1.685126561583E+16
1.098867090494E+03 1.420702596473E-02 9.146368718300E-03 1.653005529636E+23 7.376083297837E+21 2.684116271253E+20 1.235242583521E+18 5.597395190995E+15 5.885206128853E+21 2.239940862000E+16 5.876562381354E+10 1.961964496954E+15 3.879441937277E+18 2.480362681884E+17 4.450573346652E+02 3.406153716467E+02 4.112574829999E+01 9.275661295182E+04 3.277316343707E+00 3.635504490290E+15
4.354964210352E+02 3.605770764228E-02 7.560127902031E-03 5.194730118694E+22 5.899624977146E+21 2.801216391082E+20 1.383176505219E+18 1.323752999530E+16 1.006035432232E+22 2.377612161681E+17 1.837059645946E+13 1.891855360071E+15 1.051457156414E+18 3.914961088562E+16 4.626074135069E+02 3.477484214402E+02 4.988296532751E+01 1.103336767854E+05 3.529384852498E+00 1.136425550301E+16
1.037776103439E+03 2.734061138946E-02 4.679357839877E-03 1.098212407097E+23 1.005639154533E+22 4.412371393069E+20 2.866070363064E+18 2.721268545430E+16 1.964379918840E+22 4.433200905987E+17 2.026134266861E+13 3.793609118603E+15 2.834808237613E+18 1.147030580359E+17 5.370691115889E+02 3.837189114829E+02 4.731049962830E+01 1.059085211004E+05 3.454752067922E+00 2.344110312366E+16
1.046060795805E+03 3.828694822120E-02 1.818832877247E-02 1.334185477412E+23 5.599325030196E+21 1.323002696848E+20 7.535094871950E+17 3.857137191296E+15 5.302488320778E+21 1.516675063616E+16 1.633214308983E+10 1.191377990331E+15 2.198335284940E+18 1.003178155096E+17 5.244952054515E+02 3.410912960601E+02 3.742742929557E+01 8.625378604246E+04 3.177902477100E+00 2.665784937943E+15
4.886898145265E+02 2.555395447297E-02 9.137335676209E-03 6.797598871886E+22 6.085591537505E+21 2.351394149756E+20 1.171255856011E+18 7.420285326210E+15 6.673389886838E+21 7.769448639438E+16 1.964769869935E+12 1.626028927251E+15 1.287456100480E+18 5.910408644478E+16 4.371491482292E+02 3.393981597505E+02 4.751778616320E+01 1.047966014052E+05 3.455185203826E+00 5.797241612058E+15
1.067182039199E+03 4.399218525832E-02 1.060705068948E-02 1.182898813144E+23 7.550247238208E+21 1.967843679024E+20 1.479425429721E+18 1.037947570803E+16 1.084317177289E+22 8.817105467669E+16 5.117783232148E+11 2.039899183447E+15 2.075290900033E+18 8.805211471609E+16 5.646914206389E+02 3.600882931954E+02 4.079274254082E+01 9.317317157133E+04 3.274256276056E+00 8.340125379545E+15
2.033465429641E+02 8.966922432433E-03 1.988864939988E-02 3.979694555582E+22 1.962565824957E+21 3.516070626990E+19 2.539067755287E+17 8.902966422982E+14 6.655447662782E+20 3.427778835592E+15 3.197481154206E+10 4.861021800049E+14 5.649043375868E+17 2.168195192407E+16 3.468724373443E+02 3.245112530078E+02 5.214747498023E+01 1.113956437920E+05 3.525855985575E+00 4.042308475581E+14
8.687071981277E+02 3.428472002083E-02 6.750159742701E-03 9.621970529626E+22 8.499049608683E+21 3.332328487556E+20 1.999580451216E+18 1.737648525813E+16 1.432458309362E+22 2.340151666275E+17 6.024294224076E+12 2.700311993784E+15 2.085638490243E+18 8.344851919608E+16 5.270819688244E+02 3.662933270715E+02 4.524675311382E+01 1.018471943412E+05 3.400400791434E+00 1.468243207464E+16
8.723481279862E+02 2.220534671535E-02 1.690770307317E-02 1.306346980857E+23 5.327952413077E+21 1.565569260866E+20 6.247835179491E+17 2.838465361841E+15 3.669218678929E+21 8.434810483423E+15 9.045713806839E+09 1.079673755578E+15 2.331224297253E+18 1.277914267723E+17 4.519900177070E+02 3.339665017965E+02 3.835805390702E+01 8.769032859651E+04 3.203980551557E+00 1.759805866704E+15
1.305061620059E+02 3.718389233005E-02 8.014047019562E-03 1.697771646797E+22 2.085449079047E+21 1.082825078681E+20 8.873350330950E+17 9.414761642920E+15 5.026368908173E+21 3.146845048570E+17 1.862367402207E+14 1.138419897046E+15 3.682720526625E+17 1.020978225983E+16 3.906860611982E+02 3.332593310361E+02 6.490074620122E+01 1.359824221545E+05 3.904045217863E+00 8.462669919290E+15
1.104941256280E+03 1.871264628614E-02 6.099592695633E-03 1.433526288564E+23 9.481364629270E+21 3.872261826134E+20 2.174759863843E+18 1.301045649911E+16 1.157263931035E+22 1.089790966024E+17 1.278912910486E+12 2.985071551673E+15 3.618298634451E+18 1.902459732407E+17 4.856449576296E+02 3.580398709989E+02 4.455432961691E+01 9.956256378964E+04 3.370982855193E+00 1.003649411144E+16
2.175757758710E+02 2.251858193205E-02 8.122594124564E-03 3.249147962975E+22 3.411021602484E+21 1.288234962501E+20 1.004184111289E+18 6.785800532177E+15 4.578420934304E+21 1.229072397190E+17 1.920904785149E+13 1.324667223835E+15 7.077460689108E+17 2.610476143942E+16 3.880822970215E+02 3.325311930608E+02 5.857818588547E+01 1.238276293617E+05 3.716829653652E+00 5.480440560591E+15
1.174697885244E+03 4.555688000758E-02 1.087929444554E-02 1.275706327219E+23 7.583008715038E+21 1.787481891854E+20 1.505541803888E+18 1.038716932406E+16 1.108493855524E+22 8.397363398304E+16 3.948462263330E+11 2.077242745213E+15 2.175132587853E+18 9.490621276371E+16 5.810937035130E+02 3.625969092147E+02 4.019621164289E+01 9.205451997180E+04 3.256537542045E+00 8.310479992229E+15
9.205769020349E+02 1.293924805495E-02 6.814516781819E-03 1.379599932874E+23 8.143525701963E+21 3.161714047701E+20 1.631427783810E+18 7.875283518004E+15 7.357945851104E+21 4.966644186696E+16 4.471259215284E+11 2.356664697207E+15 3.426880077266E+18 2.142160738945E+17 4.335963485171E+02 3.430478204317E+02 4.522110707865E+01 1.002251093634E+05 3.383061190543E+00 5.523817876267E+15
1.326046591487E+03 1.029545681422E-02 9.754725235773E-03 2.116843308371E+23 6.565807469086E+21 2.385133827605E+20 9.960952975381E+17 4.251068784608E+15 4.576892891047E+21 1.059817636430E+16 1.192569921403E+10 1.852777887757E+15 5.647876528783E+18 4.148261767257E+17 4.305613070204E+02 3.373009487066E+02 3.948360093035E+01 8.966769945717E+04 3.227903104920E+00 2.399353360140E+15
1.079322939679E+03 4.959717802221E-02 1.949005775748E-02 1.280911963188E+23 5.513262413301E+21 1.074909039212E+20 7.701788224052E+17 4.201779880160E+15 5.900771900067E+21 1.875913914212E+16 2.047662920139E+10 1.179928739008E+15 1.864384153693E+18 8.239133638158E+16 5.599342219326E+02 3.440834280575E+02 3.708212969854E+01 8.575588548389E+04 3.167910667209E+00 3.024608257115E+15
1.087154775166E+03 6.645678729909E-03 6.438543112832E-03 1.837748512373E+23 7.323130023646E+21 2.663586905956E+20 1.374128524294E+18 5.424891080395E+15 5.165240339538E+21 2.198722877070E+16 1.202982379740E+11 2.267573607466E+15 5.474407962584E+18 4.338291227610E+17 4.006626285227E+02 3.368849272055E+02 4.586518261359E+01 1.009828412170E+05 3.386437687380E+00 3.156424180198E+15
4.374004509335E+02 3.013042658480E-02 8.852226653954E-03 5.792588095239E+22 5.797821133259E+21 2.394653051729E+20 1.192899253584E+18 8.755265464794E+15 7.449622527626E+21 1.144687679861E+17 4.654029191087E+12 1.640711255989E+15 1.097961724548E+18 4.595251220659E+16 4.436366337992E+02 3.410628778263E+02 4.877143668396E+01 1.074038253854E+05 3.492287228997E+00 7.119425287136E+15
4.869519251908E+02 2.774455589138E-02 1.010790351524E-02 6.755591180194E+22 5.943819885009E+21 2.234407832701E+20 1.079475527380E+18 6.761406853682E+15 6.276033181905E+21 6.581622553055E+16 1.297333857496E+12 1.513509167866E+15 1.209412866089E+18 5.466592921110E+16 4.408787309795E+02 3.386224263126E+02 4.639201547537E+01 1.027708087480E+05 3.427535493761E+00 5.249249669568E+15
1.202571416267E+03 2.890952807626E-02 1.487353948647E-02 1.582604489333E+23 6.167632011768E+21 1.674367824869E+20 9.021676429465E+17 4.433038902404E+15 5.738218772802E+21 1.630874126251E+16 1.819242917326E+10 1.449179244719E+15 3.056878682331E+18 1.520981108609E+17 5.113517071352E+02 3.428367910157E+02 3.783262266339E+01 8.694098130913E+04 3.187586998909E+00 2.986147032685E+15
1.018412530832E+03 3.693410323859E-02 9.241851896182E-03 1.170662751002E+23 7.963255294283E+21 2.452974403829E+20 1.609928126776E+18 1.123854180283E+16 1.112813594586E+22 1.001554454958E+17 7.884633041473E+11 2.213952306510E+15 2.264809321296E+18 9.717064158370E+16 5.407721605393E+02 3.593184460820E+02 4.189263892297E+01 9.515453776601E+04 3.304907597023E+00 9.025526972643E+15
6.795256915938E+02 3.275138844970E-02 1.582150518074E-02 9.415244182140E+22 5.686995288881E+21 1.701004997443E+20 7.614108576277E+17 3.998284833771E+15 4.792771044965E+21 2.055829236043E+16 6.156139748577E+10 1.152042474762E+15 1.476192194564E+18 6.808240663266E+16 4.696202806998E+02 3.366821926206E+02 4.021652781179E+01 9.131551403699E+04 3.262034213413E+00 2.846541289147E+15
3.187846363340E+02 2.243000095149E-02 1.406237435738E-02 5.101771619025E+22 4.085863756702E+21 1.252503796793E+20 6.452217342162E+17 3.077003729594E+15 2.960022693627E+21 2.325918659903E+16 3.957013766304E+11 9.402289610612E+14 7.750322702117E+17 3.584187888942E+16 3.968019955903E+02 3.297372007353E+02 4.829425567790E+01 1.054150656788E+05 3.465745093950E+00 2.137177001427E+15
5.274622442643E+02 3.865081270778E-02 4.944403530821E-03 5.133792365027E+22 6.668330079983E+21 4.018812892906E+20 2.050859806702E+18 2.979199258139E+16 1.786400445080E+22 8.566219202209E+17 1.744827600844E+14 2.795898048677E+15 1.259532020903E+18 3.996606185029E+16 5.009446626131E+02 3.699717196447E+02 5.179639303314E+01 1.156409776966E+05 3.601716121570E+00 2.717110309005E+16
5.409329313259E+02 2.407496950531E-02 1.996943571651E-02 8.549761296058E+22 4.540203855163E+21 1.270373772393E+20 4.771328559756E+17 2.136939533053E+15 2.611179545281E+21 7.248583831031E+15 1.254476226810E+10 8.070423113101E+14 1.193505313582E+18 6.227076448343E+16 4.222984967777E+02 3.298879684993E+02 3.979820053353E+01 9.018535090584E+04 3.249812554743E+00 1.329925962700E+15
4.937657523992E+02 6.110049735620E-03 7.723489713096E-03 9.069666776768E+22 4.882047194425E+21 1.224526668716E+20 8.903108402248E+17 3.249373288705E+15 2.641236933074E+21 1.783677220713E+16 2.783288256032E+11 1.432460462701E+15 2.194847059770E+18 1.333015585907E+17 3.636663440399E+02 3.288638895602E+02 5.236903979048E+01 1.119512319877E+05 3.536472169797E+00 1.817970896334E+15
6.218226717893E+02 4.096472054373E-02 4.361812465806E-03 5.489731255015E+22 7.206882898081E+21 4.437844746201E+20 2.408656134071E+18 3.998995782249E+16 2.227194661506E+22 1.284899476463E+18 2.978531916248E+14 3.282810263568E+15 1.391784800625E+18 4.165529052553E+16 5.310594866049E+02 3.855483648041E+02 5.132491849328E+01 1.155859141386E+05 3.596369287526E+00 3.702972826678E+16
6.203169030215E+02 3.568593031579E-02 1.225639417646E-02 8.110121055111E+22 6.254233009607E+21 2.115723155030E+20 1.011607936339E+18 6.357748567987E+15 6.626894325253E+21 5.049343655442E+16 4.159490044131E+11 1.442169412154E+15 1.348655100916E+18 5.791957163301E+16 4.769851676034E+02 3.413117917597E+02 4.260084253520E+01 9.604010062433E+04 3.329057691220E+00 4.916470502249E+15
1.259311485849E+03 4.846348683759E-02 6.467301303491E-03 1.147368395383E+23 9.233896440443E+21 2.411262788857E+20 2.542279775528E+18 2.651084554427E+16 2.069927301373E+22 4.080230407290E+17 8.939580548590E+12 3.356914026601E+15 2.120188994691E+18 8.595893299906E+16 6.294390493431E+02 3.990222522667E+02 4.348058830648E+01 9.942701147046E+04 3.349880307775E+00 2.316426746530E+16
1.104705659908E+03 9.038396746574E-03 1.039001672273E-02 1.859501628907E+23 5.992590996290E+21 2.026907642592E+20 8.165137908707E+17 3.414679985046E+15 3.590690940441E+21 8.002327982019E+15 9.557649537597E+09 1.579748774539E+15 4.635581635489E+18 3.519774139609E+17 4.087758011418E+02 3.333831808287E+02 4.008226358094E+01 9.067847201486E+04 3.243903864512E+00 1.834940232902E+15
1.048210386811E+03 3.913261334557E-02 1.248575356081E-02 1.252510291676E+23 6.966922228747E+21 1.843906826579E+20 1.199146828095E+18 7.197001778642E+15 8.277925498201E+21 4.577487197012E+16 1.485259085442E+11 1.717361754177E+15 2.206079419786E+18 9.760626398674E+16 5.396680457196E+02 3.508581892869E+02 3.975810954084E+01 9.090555827374E+04 3.243578870490E+00 5.481607363125E+15
1.049346096632E+02 2.361132330477E-02 9.016303665025E-03 1.643205450429E+22 1.687959579396E+21 5.683170420993E+19 7.337994058013E+17 4.958663804206E+15 2.697976423340E+21 1.273406912460E+17 5.648353162784E+13 9.341422715776E+14 4.019202811114E+17 9.813589503023E+15 3.641333536234E+02 3.283135847463E+02 6.953063518077E+01 1.413007430018E+05 3.953962450226E+00 4.081020252193E+15
3.819510926722E+02 3.481659282860E-02 1.391242731898E-02 5.401383245577E+22 4.840053940092E+21 1.681042820464E+20 7.675966272112E+17 4.647062253385E+15 4.555752578980E+21 4.093560886586E+16 6.083198523905E+11 1.100520213074E+15 8.034728214228E+17 3.353264903349E+16 4.351291545659E+02 3.341087926373E+02 4.531630561431E+01 1.007202431250E+05 3.402644886699E+00 3.547163502298E+15
3.324819187495E+02 7.598731665029E-03 1.766890769919E-02 6.440308340770E+22 2.704874260276E+21 5.608953882932E+19 2.842503958810E+17 1.039970225700E+15 9.363307582830E+20 3.111498374208E+15 1.563121602407E+10 5.824723972315E+14 9.337739500786E+17 5.235435799426E+16 3.536167320900E+02 3.251358848097E+02 4.879658990064E+01 1.057002151596E+05 3.451925759937E+00 4.575233849185E+14
2.277033030048E+02 3.663223507846E-02 6.793016571598E-03 2.722221602424E+22 3.523086761231E+21 1.997747846287E+20 1.196292950483E+18 1.398485450041E+16 8.245876771639E+21 4.147275189592E+17 1.477656108057E+14 1.586398860939E+15 6.003374799977E+17 1.929874273687E+16 4.208703347899E+02 3.409031299538E+02 5.841282464554E+01 1.258088364482E+05 3.758642941546E+00 1.254714695620E+16
2.860573680862E+02 4.562055677539E-02 1.848769035475E-02 4.057653362666E+22 3.853803579021E+21 1.282788619687E+20 5.653047199847E+17 3.464468270803E+15 3.463709368567E+21 3.061029095096E+16 4.435485386296E+11 8.203653318585E+14 5.124043405979E+17 1.886613434013E+16 4.314436570146E+02 3.312654871885E+02 4.505793043230E+01 1.002363633318E+05 3.399428994480E+00 2.644577983903E+15
9.189977556133E+02 3.855058199038E-02 6.794049339104E-03 9.690205649834E+22 8.543669238401E+21 3.145260278680E+20 2.065672903804E+18 1.915244915713E+16 1.558941524878E+22 2.721400035888E+17 7.006166555822E+12 2.780273068486E+15 2.040715011612E+18 7.901402853896E+16 5.485285206754E+02 3.719939001804E+02 4.482479501574E+01 1.013341871407E+05 3.389584007906E+00 1.637952332599E+16
8.602822006101E+02 3.857775947126E-02 1.421151594868E-02 1.084564409184E+23 6.340494981918E+21 1.770364958432E+20 9.698942183031E+17 5.594011631823E+15 6.648423244343E+21 3.324997333236E+16 1.045216609838E+11 1.415728335154E+15 1.804935278554E+18 7.879901551576E+16 5.123171015078E+02 3.438524630189E+02 3.981862403212E+01 9.084610213161E+04 3.249313220771E+00 4.177135534277E+15
1.538659703107E+02 3.868934739956E-02 1.582692440896E-02 2.330041909427E+22 2.453494793463E+21 8.546942563575E+19 5.432112283500E+17 3.375054980984E+15 2.635034269090E+21 4.770990983923E+16 3.708281928417E+12 7.432782571205E+14 3.495760755566E+17 1.095619044520E+16 3.913879408060E+02 3.286086842625E+02 5.430651900220E+01 1.163829216577E+05 3.618128705465E+00 2.635548665908E+15
7.032981570985E+02 4.122905610111E-02 1.326361869987E-02 8.801727268594E+22 6.294608165970E+21 1.933234745029E+20 1.001191987116E+18 6.389072674919E+15 7.020372735818E+21 4.835078898792E+16 2.891195668606E+11 1.427406545301E+15 1.426585818732E+18 5.901067372048E+16 5.017378535647E+02 3.436257174380E+02 4.133911980709E+01 9.382076157160E+04 3.294040082277E+00 4.962621524558E+15
1.084523039748E+03 4.843622883115E-02 8.723760796538E-03 1.103739995093E+23 8.126919696178E+21 2.143862730526E+20 1.830007915716E+18 1.562799005386E+16 1.439543182554E+22 1.803634062209E+17 2.049262745830E+12 2.462931210359E+15 1.955399472002E+18 7.949488334925E+16 5.901217077064E+02 3.729564801700E+02 4.207901119094E+01 9.612373661302E+04 3.310530511827E+00 1.316725410644E+16
5.064509393151E+02 4.832066847452E-02 9.594044184471E-03 5.741959282063E+22 6.077145917726E+21 2.498109902555E+20 1.238196325674E+18 1.180726403225E+16 9.961795530440E+21 1.789370174258E+17 6.366553531629E+12 1.719440918152E+15 1.010856898620E+18 3.549920005375E+16 4.976701552815E+02 3.497432238600E+02 4.595451135250E+01 1.033119987170E+05 3.428455211436E+00 1.009709270430E+16
2.083507310017E+02 1.837441953892E-02 1.979520749347E-02 3.707744168650E+22 2.581251117680E+21 6.186186669718E+19 3.686405587651E+17 1.434315461804E+15 1.300310888279E+21 8.474988504190E+15 1.239688118028E+11 5.779445772673E+14 4.885446254965E+17 1.983903920392E+16 3.678790612028E+02 3.258725407681E+02 5.044427595083E+01 1.087362959481E+05 3.503716893583E+00 8.565100269106E+14
2.921707897152E+02 3.768976461440E-02 1.083976200218E-02 3.905602053597E+22 4.303411533847E+21 1.788273445931E+20 9.005695805543E+17 6.997819196410E+15 5.735427690633E+21 1.055181052059E+17 6.592805622973E+12 1.241101848929E+15 6.597327216079E+17 2.451502464415E+16 4.294822984455E+02 3.361120445248E+02 5.055178461252E+01 1.106378886022E+05 3.541207218043E+00 5.763608823058E+15
5.838670424782E+02 2.049278688386E-02 1.425122628268E-02 9.120613642658E+22 5.397795990077E+21 1.676335444987E+20 7.065954627587E+17 3.248638593744E+15 3.563475132094E+21 1.444185874376E+16 4.996909358999E+10 1.116397716274E+15 1.477154255428E+18 8.074008472224E+16 4.214772840307E+02 3.322617571832E+02 4.183961201108E+01 9.396393762715E+04 3.303009135091E+00 2.133806162356E+15
1.716866277599E+02 2.543267995378E-02 1.163466083888E-02 2.709951372989E+22 2.696402412323E+21 8.832587772376E+19 6.965062243313E+17 4.009619656079E+15 2.871734487563E+21 5.901268427725E+16 6.011328335801E+12 9.372963830146E+14 5.002756352979E+17 1.685185863489E+16 3.796414191168E+02 3.289726861082E+02 5.731185062388E+01 1.212270118586E+05 3.679023583007E+00 3.078342970835E+15
1.098783891372E+03 2.628530937434E-02 1.495749382103E-02 1.505510040608E+23 6.039225599808E+21 1.736997849340E+20 8.401364587071E+17 4.035914414989E+15 5.185969053930E+21 1.424494249509E+16 1.674447321194E+10 1.368072963156E+15 2.900165840046E+18 1.485402261980E+17 4.914069579128E+02 3.400941104755E+02 3.813462238368E+01 8.743645624475E+04 3.196603811390E+00 2.669500439235E+15
6.568284389058E+02 2.527421060313E-02 1.322471815717E-02 9.533785452033E+22 5.994354164742E+21 1.948325329070E+20 8.582089877273E+17 4.352966076218E+15 4.811215787820E+21 2.324885696965E+16 9.664225384545E+10 1.293153377935E+15 1.607978795610E+18 8.127346872886E+16 4.473786122377E+02 3.361098750876E+02 4.162145685169E+01 9.378911754905E+04 3.298817135201E+00 3.060223281285E+15
4.520180517698E+02 3.327734954252E-02 1.864522395078E-02 6.683850670180E+22 4.683005591833E+21 1.396233224685E+20 5.736247697796E+17 2.915229408514E+15 3.348452369614E+21 1.542815756418E+16 6.237142560398E+10 8.787866388104E+14 8.914726962648E+17 4.004430770352E+16 4.364673008122E+02 3.316169607118E+02 4.143115549427E+01 9.337293590258E+04 3.298266847123E+00 2.036512652456E+15
4.663955008946E+02 2.350207887379E-02 9.865458350768E-03 6.767847568752E+22 5.759519678238E+21 2.108400432453E+20 1.052644016475E+18 6.072403318475E+15 5.617537392387E+21 5.643611040129E+16 1.179072785314E+12 1.477428304472E+15 1.239528460651E+18 5.914075835039E+16 4.261719342473E+02 3.365938652412E+02 4.741046169631E+01 1.043590490573E+05 3.449547795969E+00 4.596190504470E+15
5.660181774406E+02 4.013362464360E-02 9.091712291014E-03 6.704162831136E+22 6.584966747590E+21 2.649434697929E+20 1.326332323838E+18 1.123986898641E+16 9.769531344243E+21 1.488358747978E+17 4.148603374620E+12 1.833640912789E+15 1.237291596077E+18 4.724977503659E+16 4.900355227981E+02 3.493780479147E+02 4.568813623730E+01 1.024429020995E+05 3.417035612782E+00 9.410457132552E+15
6.732183174186E+02 4.720252377604E-02 1.371212510968E-02 8.164308520986E+22 6.129142281932E+21 1.833170538151E+20 9.830193830131E+17 6.692077436280E+15 7.300424787086E+21 5.545435486168E+16 3.761844407410E+11 1.392023087944E+15 1.270926158789E+18 4.995839370921E+16 5.118899843386E+02 3.445264943904E+02 4.138974907295E+01 9.407242586601E+04 3.296520996266E+00 5.301778805608E+15
1.277657196787E+03 3.072171934390E-02 1.420534633053E-02 1.626962066838E+23 6.420965517963E+21 1.678826372673E+20 9.991522597117E+17 5.038881365059E+15 6.420652436193E+21 2.006586688438E+16 2.431168696056E+10 1.569282506582E+15 3.143598822431E+18 1.541732415940E+17 5.266693528415E+02 3.458795422027E+02 3.789321785633E+01 8.711855283722E+04 3.188883807674E+00 3.471813159941E+15
6.644798108871E+02 1.252434730205E-02 1.440474729352E-02 1.136902053493E+23 4.944022682656E+21 1.435946508062E+20 5.624203973694E+17 2.331643353050E+15 2.524913314062E+21 6.484303342103E+15 1.118977841971E+10 1.031356851176E+15 2.002014063646E+18 1.311950750660E+17 3.967556338379E+02 3.295534168912E+02 4.093338602882E+01 9.216005159013E+04 3.271314250221E+00 1.300269339575E+15
5.420448165205E+02 2.311221480541E-02 1.754932575824E-02 8.516464855467E+22 4.843454268432E+21 1.413865549298E+20 5.584218519706E+17 2.535135944409E+15 2.949553465754E+21 9.840251568566E+15 2.370551214065E+10 9.124390874760E+14 1.243405816367E+18 6.542083217442E+16 4.216986792462E+02 3.306956480043E+02 4.070816373453E+01 9.187185594081E+04 3.274250329470E+00 1.622723307115E+15
6.196557504698E+01 3.919761714844E-02 1.887587975010E-02 1.021484468579E+22 1.011430005280E+21 2.916229529771E+19 3.682658361548E+17 2.090979110486E+15 1.209732382882E+21 4.102452366076E+16 1.022143170212E+13 4.818513528271E+14 1.981601116864E+17 3.286512538966E+15 3.600608280756E+02 3.254884441854E+02 6.592071233830E+01 1.350205908383E+05 3.863135307351E+00 1.618135999276E+15
8.209087765142E+02 4.339505915556E-02 8.667331800296E-03 8.988036510115E+22 7.628614721388E+21 2.598558897852E+20 1.615656310065E+18 1.383232780967E+16 1.240743535630E+22 1.695517232681E+17 2.896216633441E+12 2.202745726262E+15 1.694919995871E+18 6.537765699801E+16 5.396656296631E+02 3.611977902733E+02 4.355980079269E+01 9.875234204478E+04 3.355186303505E+00 1.163262559928E+16
5.906685991965E+02 3.917512319749E-02 4.787681932127E-03 5.596409287340E+22 7.132164531606E+21 4.183113329396E+20 2.206839720381E+18 3.249523976049E+16 1.945409466882E+22 9.229505783677E+17 1.696833521018E+14 3.005165728881E+15 1.382134933716E+18 4.365637064348E+16 5.156949168418E+02 3.760416013608E+02 5.105810607515E+01 1.144411441157E+05 3.581148289379E+00 2.967074050554E+16
6.981920717926E+02 3.044577825417E-02 1.311797979597E-02 9.556980623929E+22 6.234992038945E+21 2.011230718007E+20 9.330725347507E+17 5.128215309008E+15 5.712929435915E+21 3.095458386647E+16 1.413458853272E+11 1.371554825422E+15 1.613283735017E+18 7.552518358497E+16 4.694570872262E+02 3.391621274383E+02 4.135600412741E+01 9.349383292822E+04 3.292710779599E+00 3.757669642403E+15
4.048837160747E+02 4.757326587896E-02 7.109675043365E-03 4.237409618715E+22 5.458922559232E+21 2.989882381353E+20 1.424061814801E+18 1.849695428187E+16 1.244077057249E+22 4.550328317106E+17 6.319400167031E+13 1.967832973112E+15 8.622019320773E+17 2.734036383122E+16 4.841641052661E+02 3.543022489801E+02 5.052575177400E+01 1.127788404431E+05 3.562743117176E+00 1.659358141947E+16
8.667873962211E+02 1.940920993107E-02 1.876506243289E-02 1.354356974585E+23 4.788304319346E+21 1.370428259363E+20 4.983854502855E+17 2.206536273611E+15 2.934641693728E+21 5.121952161105E+15 3.671481356613E+09 9.397282066663E+14 2.436099634440E+18 1.408980365458E+17 4.381162445602E+02 3.316811078248E+02 3.768192289348E+01 8.636904458504E+04 3.184214766931E+00 1.267871976133E+15
1.240827947604E+03 3.667518085290E-02 1.873504915696E-02 1.564197730414E+23 5.464836609729E+21 1.214263316986E+20 7.405185566219E+17 3.677094514378E+15 5.237543278329E+21 1.229520561687E+16 8.617329563671E+09 1.222121432487E+15 2.701922988282E+18 1.280054030709E+17 5.373678634180E+02 3.420950461321E+02 3.653737312092E+01 8.455770193391E+04 3.150845732482E+00 2.455006617869E+15
9.134711054414E+02 2.606360282477E-02 1.616352022235E-02 1.299782444332E+23 5.679200449541E+21 1.651662603653E+20 7.238540285201E+17 3.435227557686E+15 4.423476953888E+21 1.207216305301E+16 1.578617568948E+10 1.185666850621E+15 2.315889171703E+18 1.188653280333E+17 4.717526633508E+02 3.366356307797E+02 3.850292858340E+01 8.805896204952E+04 3.208485060417E+00 2.250694585342E+15
9.829173947501E+02 5.111796496733E-03 1.737231238217E-02 1.887848648196E+23 3.044292283084E+21 7.620927044225E+19 2.234616858270E+17 1.165663256077E+15 1.183537501297E+21 9.139418128623E+14 2.090905834800E+08 7.713130251492E+14 5.043448726820E+18 3.991903059172E+17 3.686938161124E+02 3.262720063395E+02 3.719943673567E+01 8.531384466284E+04 3.162723259873E+00 3.943083915926E+14
1.865611512149E+02 1.865977716776E-02 5.992709728622E-03 2.757311293980E+22 2.949792467953E+21 1.157100622195E+20 1.200647802380E+18 9.053976725547E+15 5.102391348756E+21 2.288504574118E+17 8.776439116508E+13 1.532447627401E+15 7.501130777880E+17 2.490036589535E+16 3.781319743862E+02 3.332532931388E+02 6.567584057091E+01 1.357118815010E+05 3.881901410874E+00 7.609367999269E+15
1.184099362580E+03 2.986989229340E-02 1.460106440147E-02 1.543926747683E+23 6.271612621370E+21 1.696458910215E+20 9.340102038199E+17 4.661060451187E+15 5.968035958861E+21 1.821130861315E+16 2.274837707158E+10 1.476327167138E+15 2.946553682067E+18 1.447803256420E+17 5.141581085217E+02 3.435606881818E+02 3.803560108333E+01 8.734709922068E+04 3.193520450608E+00 3.186706606678E+15
4.849168286839E+02 4.143561042600E-02 1.120343156179E-02 6.077209234790E+22 5.822258301280E+21 2.209510352898E+20 1.047192833742E+18 7.956179644927E+15 7.394475655184E+21 9.064152639316E+16 1.861273546056E+12 1.467918552054E+15 1.007405437984E+18 3.895733071074E+16 4.732857784523E+02 3.422982396831E+02 4.506246910224E+01 1.009378707691E+05 3.399938549860E+00 6.494718119379E+15
3.346243050330E+02 4.140485355545E-02 6.089234546134E-03 3.541400289012E+22 4.797246723351E+21 2.962806941956E+20 1.474587425533E+18 2.038577880543E+16 1.226693428618E+22 6.106831765191E+17 1.672887681114E+14 2.008132016799E+15 7.938030350940E+17 2.497139010420E+16 4.592980442411E+02 3.519978437738E+02 5.428246889772E+01 1.196162325985E+05 3.668474287062E+00 1.854538776072E+16
1.308739984323E+03 2.350262856735E-02 1.740283481722E-02 1.828914578823E+23 5.263091716253E+21 1.453869373179E+20 6.631803243531E+17 3.058466999185E+15 4.254407873793E+21 7.283520395683E+15 3.703752908673E+09 1.226742411000E+15 3.835481318952E+18 2.062056220962E+17 4.922756223476E+02 3.379983974298E+02 3.642156209336E+01 8.417023092391E+04 3.146283880097E+00 1.831745190805E+15
2.602372737373E+02 2.347607587637E-02 1.271032204118E-02 4.120964736269E+22 3.687206442699E+21 1.174489023236E+20 6.942216640709E+17 3.570602945140E+15 3.109367516702E+21 3.577770444698E+16 1.276377025155E+12 9.742464378155E+14 6.704024149493E+17 2.815262254520E+16 3.916791103685E+02 3.298126102201E+02 5.153013557202E+01 1.111567840344E+05 3.544654191398E+00 2.596742550333E+15
1.922360145214E+02 2.145177880435E-02 1.210588905573E-02 3.150259135513E+22 2.891329220667E+21 8.634527662132E+19 6.677423076532E+17 3.372398769994E+15 2.548266622772E+21 4.029868543599E+16 2.647036997676E+12 9.173105752623E+14 5.662473461854E+17 2.053265303707E+16 3.760298778946E+02 3.283484435776E+02 5.582624904654E+01 1.184065899229E+05 3.638243500882E+00 2.455731060137E+15
1.011982939158E+03 6.738716152609E-03 1.890892490939E-02 1.879322023724E+23 3.168220783935E+21 8.282714683976E+19 2.390626607646E+17 1.209515514519E+15 1.365096674821E+21 1.020652924115E+15 2.166582387833E+08 7.642253798127E+14 4.874661058796E+18 3.713222771523E+17 3.806620555061E+02 3.268954588013E+02 3.655186265589E+01 8.414759457473E+04 3.145958540964E+00 4.452927275028E+14
4.816745517222E+02 2.553029067297E-02 1.923737122063E-02 7.569250574160E+22 4.532778645366E+21 1.293723582707E+20 5.057603161979E+17 2.312651403523E+15 2.702573856663E+21 9.238913880038E+15 2.346034693897E+10 8.232039201707E+14 1.027007923908E+18 5.161510426868E+16 4.200381313539E+02 3.299413889163E+02 4.078786367513E+01 9.200944440780E+04 3.277862074162E+00 1.489474377313E+15
8.007834320108E+02 3.014002842341E-02 1.766746589330E-02 1.129125574886E+23 5.430309326994E+21 1.525819114766E+20 6.660249340253E+17 3.240315388089E+15 4.222563893775E+21 1.236130545623E+16 1.839985010027E+10 1.070109186176E+15 1.836278288265E+18 8.895174191047E+16 4.726259022208E+02 3.356819387560E+02 3.864865889548E+01 8.835517034256E+04 3.214360115596E+00 2.171141933785E+15
9.057684875891E+02 1.112069471379E-02 1.797750216744E-02 1.567121957039E+23 4.157747431607E+21 1.180274589338E+20 3.780484940348E+17 1.672544725839E+15 2.046470225909E+21 2.496085969753E+15 1.124298420311E+09 8.770080096780E+14 3.224776644652E+18 2.252249721151E+17 4.023896156054E+02 3.288304587471E+02 3.751574329180E+01 8.595102468441E+04 3.176117745530E+00 7.956137415583E+14
8.169766605181E+02 2.178502854337E-02 9.539311902210E-03 1.144066641570E+23 7.295804678796E+21 2.628204430789E+20 1.267626176402E+18 6.783610976413E+15 6.897139984792E+21 4.306027311959E+16 2.690634390902E+11 1.835453336387E+15 2.307067173639E+18 1.212398401212E+17 4.591958199101E+02 3.424810211780E+02 4.275687388487E+01 9.600303228315E+04 3.326592515808E+00 4.949618138650E+15
8.036807265005E+02 2.068577980289E-02 1.141288355142E-02 1.176103819985E+23 6.603238078318E+21 2.230880599763E+20 1.004626389559E+18 4.906392110994E+15 5.339893295524E+21 2.400118406609E+16 8.606782738249E+10 1.529747289555E+15 2.241773865756E+18 1.231352578693E+17 4.485385290541E+02 3.380818850257E+02 4.140410573696E+01 9.335785546333E+04 3.289992779514E+00 3.377033597626E+15
7.654925545030E+02 4.374048064983E-02 6.438735540566E-03 7.653921456556E+22 7.902971032239E+21 3.287626735058E+20 2.012189523531E+18 2.271510410058E+16 1.680268656434E+22 4.196539465272E+17 2.083354126079E+13 2.727180647925E+15 1.613074570414E+18 5.646715816774E+16 5.458706568742E+02 3.735475731415E+02 4.636208717435E+01 1.048247279456E+05 3.438718150369E+00 2.000995648324E+16
1.215444643008E+03 1.944677427250E-02 1.037845971075E-02 1.695144259412E+23 7.310300599363E+21 2.490350232211E+20 1.225903703913E+18 5.875932981998E+15 6.599746331105E+21 2.420414185504E+16 4.968705235081E+10 1.914724140988E+15 3.815686765655E+18 2.162868811524E+17 4.792907831066E+02 3.444352437843E+02 3.983414650738E+01 9.057305260915E+04 3.241719141483E+00 3.961649589730E+15
7.272937471516E+02 3.058600058068E-02 8.842016146989E-03 9.168308155831E+22 7.409001285505E+21 2.793162653107E+20 1.432142750668E+18 9.819369317893E+15 9.204960009440E+21 9.517217232799E+16 1.326246945092E+12 1.985249428088E+15 1.799475383985E+18 7.930756799453E+16 4.851681166516E+02 3.488958334319E+02 4.416227879136E+01 9.912391327376E+04 3.369232416293E+00 7.835593580261E+15
1.012652803138E+03 4.737295171154E-02 1.533513935022E-02 1.185296160091E+23 6.274700783778E+21 1.418042659061E+20 9.937437560549E+17 5.943527735372E+15 7.385804555214E+21 3.527101813337E+16 8.213328918002E+10 1.441042206118E+15 1.843476290537E+18 7.929172122263E+16 5.542516442296E+02 3.483445795224E+02 3.871401555396E+01 8.893415170181E+04 3.216868909743E+00 4.499938717048E+15
3.618737835563E+02 2.672091453661E-02 1.974510015896E-02 5.793359235403E+22 4.015874969019E+21 1.141546881068E+20 4.743329840440E+17 2.173647656613E+15 2.361791810829E+21 1.045544942436E+16 4.715394538667E+10 7.493945523890E+14 7.330861898009E+17 3.446388857145E+16 4.068301329609E+02 3.287243541569E+02 4.278970307809E+01 9.558683501916E+04 3.331731600597E+00 1.424300412716E+15
9.167003538609E+02 3.608887319101E-02 5.840040671599E-03 9.451742902191E+22 8.895746592299E+21 3.589125131774E+20 2.323938542851E+18 2.334619071005E+16 1.762495013926E+22 3.810131852047E+17 1.474021294781E+13 3.114292208721E+15 2.133648392272E+18 8.097782307071E+16 5.469519921837E+02 3.776520281949E+02 4.608031694850E+01 1.038928328586E+05 3.425384757362E+00 2.024788654932E+16
3.934581403803E+02 3.557477734343E-02 1.656900073152E-02 5.691066735021E+22 4.659301981838E+21 1.496213002414E+20 6.484827199356E+17 3.608879736850E+15 3.808152880522E+21 2.532632213285E+16 2.064718729299E+11 9.553910582002E+14 7.796309488224E+17 3.309975955244E+16 4.348976027073E+02 3.324525560128E+02 4.338018794986E+01 9.706111372970E+04 3.351793771869E+00 2.654509296250E+15
7.125377039010E+02 3.742979349402E-02 8.586328074020E-03 8.332865750028E+22 7.377515393662E+21 2.795369955601E+20 1.510054076931E+18 1.213485892135E+16 1.084026523436E+22 1.443659096185E+17 2.839210891312E+12 2.074226645253E+15 1.609749448083E+18 6.416808564892E+16 5.068371857875E+02 3.541675937418E+02 4.455952789008E+01 1.002999371749E+05 3.383242084565E+00 1.006355314810E+16
2.173718212108E+02 4.864686262343E-02 1.174675269346E-02 2.789246093255E+22 3.389406199523E+21 1.544518760775E+20 7.854841451816E+17 7.180975255935E+15 5.397032217365E+21 1.372002351827E+17 1.515086185966E+13 1.078905072671E+15 4.512863262811E+17 1.459496715012E+16 4.274520437376E+02 3.350153994231E+02 5.247134933311E+01 1.145727501055E+05 3.595854516133E+00 6.118760136185E+15
3.576373065952E+02 4.532521147960E-02 1.460538432302E-02 4.755046139892E+22 4.655938548837E+21 1.678270529622E+20 7.542445615697E+17 5.256844713647E+15 5.071587511277E+21 5.455368678459E+16 1.008049605437E+12 1.074982109859E+15 6.790243357011E+17 2.538374084514E+16 4.509203782114E+02 3.355091124115E+02 4.518634743778E+01 1.008450347779E+05 3.404154021522E+00 4.184666861770E+15
