3.232279548291E+01 3.205120771188E-02 4.087403686228E-03 2.888456650893E+21 2.644821750358E+20 2.898511592064E+19 4.605618534303E+17 9.364931864540E+15 3.532084372843E+21 2.128105022159E+18 8.264088918332E+15 6.463567980433E+14 3.624090174749E+16 6.352538042390E+14 3.497007566306E+02 3.299488323651E+02 1.276971383072E+02 2.241967425472E+05 5.760785027320E+00 1.698360549907E+16
4.275762246391E+01 8.403858387389E-03 1.539201142981E-02 8.583708066104E+21 4.628842946504E+20 5.017173370332E+18 2.270443940155E+17 8.086653265084E+14 3.042212439510E+20 1.271861857548E+16 3.375795086646E+12 3.807383181717E+14 3.672891694804E+17 1.946194769670E+15 3.310347411927E+02 3.237043773172E+02 8.598869785687E+01 1.632611408132E+05 4.184666758833E+00 4.316049988678E+14
8.919185950981E+02 1.574950311078E-02 9.959743908248E-03 1.354378888253E+23 6.928393172549E+21 2.426940425484E+20 1.100825745172E+18 5.070798318100E+15 5.328795140552E+21 2.251837098478E+16 7.632542475739E+10 1.713847319171E+15 2.863042010049E+18 1.746516840667E+17 4.366756390245E+02 3.380429942745E+02 4.183770966049E+01 9.404407137896E+04 3.298278229674E+00 3.357453454549E+15
1.158488072852E+03 1.365623395973E-02 1.523696496320E-02 1.847192286473E+23 5.056874262683E+21 1.589996762461E+20 5.799875933127E+17 2.553734464929E+15 3.211778554695E+21 4.824505162809E+15 2.637006361363E+09 1.191446187225E+15 4.238719253074E+18 2.799945042917E+17 4.344221027845E+02 3.330697890203E+02 3.740359402310E+01 8.583969380195E+04 3.172872866803E+00 1.362298958295E+15
3.854932162916E+02 2.739081146234E-02 1.893928471236E-02 6.073489275519E+22 4.232709900654E+21 1.229219631556E+20 5.100405028315E+17 2.391147560686E+15 2.613532767916E+21 1.183657886777E+16 5.344416849811E+10 7.983720770089E+14 7.891554849328E+17 3.719085175771E+16 4.123966948106E+02 3.294052191573E+02 4.256325194847E+01 9.523221600318E+04 3.326346692742E+00 1.592829913125E+15
1.022544687053E+03 1.626581862183E-02 1.685638802612E-02 1.610064329725E+23 4.948248430387E+21 1.485650530643E+20 5.421058423552E+17 2.391376201078E+15 3.108964125714E+21 4.970450032296E+15 3.027656395424E+09 1.067229931836E+15 3.301709577310E+18 2.042707071426E+17 4.376828554491E+02 3.325212512473E+02 3.746593009187E+01 8.596579225015E+04 3.176187912366E+00 1.324192634636E+15
4.984652055123E+02 2.472787526356E-02 1.276105195756E-02 7.431950921885E+22 5.497302146988E+21 1.828394924438E+20 8.294004687671E+17 4.298309918840E+15 4.394240908594E+21 2.809296928871E+16 2.269940027401E+11 1.220974906634E+15 1.205383271296E+18 5.935642111074E+16 4.277978098189E+02 3.340274945393E+02 4.398920436144E+01 9.804603634862E+04 3.362333110346E+00 3.076853379949E+15
5.965277507109E+02 1.704476219739E-02 1.765462145884E-02 9.909584285959E+22 4.624810150870E+21 1.305040596866E+20 4.858752618194E+17 2.071598754388E+15 2.407544198620E+21 5.931016828083E+15 8.870481491900E+09 8.720225370353E+14 1.529117406666E+18 9.060221669597E+16 4.066099590432E+02 3.293005241019E+02 4.005253687762E+01 9.056174443423E+04 3.253204411229E+00 1.199587484319E+15
3.834876963465E+02 2.840916200525E-02 1.432269048453E-02 5.748699778674E+22 4.710705784813E+21 1.542328530016E+20 7.101361240744E+17 3.777227000105E+15 3.779320391696E+21 2.791368143069E+16 3.226270201560E+11 1.036278933650E+15 8.529872033678E+17 3.855774520826E+16 4.200101099883E+02 3.320936549559E+02 4.531574341634E+01 1.004197748309E+05 3.398300295207E+00 2.739251038792E+15
7.146314428127E+01 3.919940228849E-02 5.696042233806E-03 7.720152016160E+21 9.377624173887E+20 7.397206385197E+19 8.170166336572E+17 1.257127325649E+16 5.132537157642E+21 1.084575702790E+18 2.830273567223E+15 9.951854639471E+14 1.705051184086E+17 3.567397096537E+15 3.735535518378E+02 3.331855580207E+02 8.329745653776E+01 1.665781175376E+05 4.452358941156E+00 1.440638814521E+16
