1.050986214454E+03 2.318961413153E-02 1.241778063349E-02 1.461905428162E+23 6.655167793657E+21 2.112683747939E+20 1.007810718380E+18 4.903398946359E+15 5.798224058372E+21 2.021635937737E+16 3.862926562724E+10 1.577839392243E+15 2.934402643777E+18 1.561256343368E+17 4.791881430439E+02 3.413334853598E+02 3.945945023198E+01 8.989246654411E+04 3.233462503644E+00 3.325626754541E+15
1.999628978526E+02 4.528658839710E-02 1.136284677560E-02 2.623876479283E+22 3.169308178180E+21 1.438406738407E+20 7.839248971392E+17 6.998890617203E+15 5.081778044709E+21 1.389730104424E+17 1.862096222493E+13 1.066240263362E+15 4.391512157391E+17 1.418362366657E+16 4.181947761508E+02 3.340931302532E+02 5.402853083958E+01 1.171617643489E+05 3.632058652868E+00 5.952082670635E+15
1.210468534724E+03 2.840504274346E-02 1.174154489015E-02 1.545978136503E+23 7.145702988047E+21 2.090746167508E+20 1.214969778299E+18 6.383940703698E+15 7.457801994675E+21 3.105230698189E+16 6.622760785026E+10 1.820508797473E+15 3.117864146558E+18 1.537442442645E+17 5.175161054160E+02 3.484818700836E+02 3.927614235356E+01 8.974650270562E+04 3.227872947160E+00 4.563536812333E+15
1.200738637474E+03 1.105829033303E-02 1.131026880534E-02 1.939445831100E+23 5.997854323089E+21 2.059341794894E+20 8.161707809959E+17 3.495869970001E+15 3.915785066150E+21 8.073516703475E+15 7.694905977956E+09 1.562455763778E+15 4.798583807484E+18 3.435433987772E+17 4.261774472920E+02 3.349707858962E+02 3.900016915973E+01 8.876445693363E+04 3.215809357906E+00 1.933806688331E+15
8.181904669503E+02 3.233869442352E-02 1.566390463274E-02 1.109760405667E+23 5.896729522898E+21 1.697060529981E+20 8.033047447379E+17 4.147173065732E+15 5.156425567272E+21 1.936684072841E+16 4.193083314626E+10 1.229901188820E+15 1.844407736264E+18 8.627262229699E+16 4.849513930546E+02 3.386337090763E+02 3.932822080831E+01 8.969368143574E+04 3.235582309675E+00 2.919318596813E+15
1.133062857234E+02 1.808519390867E-02 1.853487441220E-02 2.075534571984E+22 1.581488247026E+21 3.247887586142E+19 3.616337897152E+17 1.388762947509E+15 9.231688539640E+20 1.252632428677E+16 6.082474081537E+11 5.313928611496E+14 3.678765891170E+17 8.682855477406E+15 3.523353049498E+02 3.249732668348E+02 5.835771696696E+01 1.219051299142E+05 3.675387217243E+00 8.577822663764E+14
9.963697260475E+02 4.875334167008E-02 1.465636902654E-02 1.149136306224E+23 6.415373889957E+21 1.464418339326E+20 1.049232064498E+18 6.532545178517E+15 7.887737324806E+21 4.227319264925E+16 1.194044671230E+11 1.501559862175E+15 1.783069276793E+18 7.574791257289E+16 5.578547464622E+02 3.499450871567E+02 3.908495573303E+01 8.971041020640E+04 3.227452006525E+00 5.026161189975E+15
8.481891212216E+02 1.037090500041E-02 8.323142193737E-03 1.386027243769E+23 6.822559093220E+21 2.363969439188E+20 1.144651161883E+18 4.830806822703E+15 4.760954169041E+21 2.153150403448E+16 1.107148952724E+11 1.812387417172E+15 3.260560479318E+18 2.246166169235E+17 4.084081621353E+02 3.355220330920E+02 4.444321556036E+01 9.854757238757E+04 3.359470840396E+00 3.016677931165E+15
6.136107360217E+02 2.449561511885E-02 1.363334255988E-02 9.083232291039E+22 5.767383359439E+21 1.856778079347E+20 8.057352450285E+17 4.005060884575E+15 4.404749829303E+21 2.090825856816E+16 8.796449649416E+10 1.223524051663E+15 1.493403844588E+18 7.626913818992E+16 4.392054527793E+02 3.347499557050E+02 4.182484784821E+01 9.410176798141E+04 3.304367954220E+00 2.781844994846E+15
5.870310261881E+02 4.472911633318E-02 1.241578469270E-02 7.206247078548E+22 6.101189356249E+21 2.055489730183E+20 1.026012027079E+18 7.399055901611E+15 7.486998962730E+21 7.100710301403E+16 7.913309738779E+11 1.444575578136E+15 1.156218765597E+18 4.497288208939E+16 4.952264656757E+02 3.439017552920E+02 4.286428422967E+01 9.687267797505E+04 3.338726732982E+00 5.950854780688E+15
7.006982346642E+02 2.399561314331E-02 1.443173974285E-02 1.036037210601E+23 5.779897606340E+21 1.808290504884E+20 7.677260747518E+17 3.695541922498E+15 4.288582821507E+21 1.632426904423E+16 4.421237818103E+10 1.200541050916E+15 1.740317600298E+18 9.096005820066E+16 4.457571807344E+02 3.349236670809E+02 4.058148341001E+01 9.180531921581E+04 3.269702535292E+00 2.493213929534E+15
1.136497984785E+03 2.909335864083E-02 1.539552758651E-02 1.512750407587E+23 6.027222227588E+21 1.644086281080E+20 8.522194835981E+17 4.173901021247E+15 5.445072912162E+21 1.523463608421E+16 1.717655253610E+10 1.373210978526E+15 2.855789782481E+18 1.414479464902E+17 5.052728210996E+02 3.414388341277E+02 3.787465011562E+01 8.700271627867E+04 3.189283531463E+00 2.802818133905E+15
4.705210472614E+02 4.198152490585E-02 1.574231577408E-02 6.327205054229E+22 5.179377588831E+21 1.675726244913E+20 7.460107835901E+17 4.601832860297E+15 4.963158188027E+21 3.522568223216E+16 2.747576859663E+11 1.082179583620E+15 8.995610387099E+17 3.628767965785E+16 4.631480897555E+02 3.360399345902E+02 4.245836350015E+01 9.567325826009E+04 3.328391959774E+00 3.517779516881E+15
9.827975011483E+02 4.044991587610E-02 1.305538429935E-02 1.181145465566E+23 6.760225398650E+21 1.791759872556E+20 1.128083359978E+18 6.805009068876E+15 7.902541652156E+21 4.365618709919E+16 1.450176540931E+11 1.617791107402E+15 2.021278440135E+18 8.795651961261E+16 5.353847409352E+02 3.491074689739E+02 3.976546509983E+01 9.088342325982E+04 3.246448890920E+00 5.187383897334E+15
5.278465945230E+02 5.952006936603E-03 1.540596961280E-02 1.019735415519E+23 3.250069371790E+21 7.596781774346E+19 3.086061939017E+17 1.198030729029E+15 1.204329620092E+21 2.678344122771E+15 7.297836854607E+09 7.066685026388E+14 1.807836105058E+18 1.289050834756E+17 3.589670350255E+02 3.258352061116E+02 4.623408366280E+01 1.013276226785E+05 3.389641806807E+00 4.916727308453E+14
6.183317913554E+02 1.047465937593E-02 1.639520999020E-02 1.108719246462E+23 4.214829409163E+21 1.125250531777E+20 4.118349289549E+17 1.686237778665E+15 1.813800338958E+21 3.672708562490E+15 4.609328757562E+09 8.434334643829E+14 1.866432276765E+18 1.268965269139E+17 3.827356088891E+02 3.276091337630E+02 4.080492056839E+01 9.184904345509E+04 3.265480453648E+00 8.427136294682E+14
1.280270488875E+03 1.799254736420E-02 1.870244804888E-02 1.927530674099E+23 4.598618180200E+21 1.337342609132E+20 5.038685082533E+17 2.295043819063E+15 3.221135756732E+21 3.941676959211E+15 1.345962618985E+09 1.065480589084E+15 4.361749613202E+18 2.577471966174E+17 4.620060261690E+02 3.339560963753E+02 3.594476720980E+01 8.319067510531E+04 3.131874711132E+00 1.229608570647E+15
1.989490895620E+02 1.647441322550E-02 1.820200944689E-02 3.582869234731E+22 2.498755859592E+21 5.794228234842E+19 3.901246481936E+17 1.494405796936E+15 1.268838356762E+21 9.388730834769E+15 1.705627927480E+11 6.068610674916E+14 5.095180757257E+17 1.981304189276E+16 3.633860601617E+02 3.257715362041E+02 5.194252788219E+01 1.112625192884E+05 3.535997496044E+00 8.877194029721E+14
2.585685825730E+02 3.563449746675E-02 1.694317173156E-02 3.884638613681E+22 3.610080875288E+21 1.179892781708E+20 5.691736842815E+17 3.177066703489E+15 3.041242629343E+21 2.873105453740E+16 5.907262430481E+11 8.177983582704E+14 5.219556771260E+17 2.026430139303E+16 4.105601000966E+02 3.299520133422E+02 4.756339660891E+01 1.044464837388E+05 3.457293503507E+00 2.359876489697E+15
1.002444987793E+03 3.690929222582E-02 5.030855251185E-03 9.619096248568E+22 9.388325756583E+21 3.816248660642E+20 2.732018952784E+18 3.105846192371E+16 2.150377417715E+22 5.926130894178E+17 3.179753499856E+13 3.635547205212E+15 2.250873451225E+18 8.253455554729E+16 5.696499376163E+02 3.921775852013E+02 4.673172000031E+01 1.055976928414E+05 3.445236275030E+00 2.745672321532E+16
1.549124276858E+02 2.477222798619E-02 1.434886276450E-02 2.561001153584E+22 2.376527529688E+21 6.869676426536E+19 5.534226644504E+17 2.763166410267E+15 2.050519895893E+21 3.341324517406E+16 2.312270071164E+12 7.616970396775E+14 4.343000568707E+17 1.390413715711E+16 3.726990000085E+02 3.272920695500E+02 5.636496682436E+01 1.192585585108E+05 3.650159533574E+00 2.003796598905E+15
2.868278054588E+02 9.478606535395E-03 1.256731655918E-02 5.310968441524E+22 3.215173867901E+21 7.168754244062E+19 5.244210374318E+17 1.912416554962E+15 1.544653579515E+21 1.072701992993E+16 1.749753512194E+11 8.479054705098E+14 9.423187786820E+17 4.431988677294E+16 3.585520917894E+02 3.263561951275E+02 5.237498544768E+01 1.119411283132E+05 3.538920617112E+00 1.065492994977E+15
3.176784694296E+02 4.277035124069E-02 1.457234527537E-02 4.340958282863E+22 4.339576042935E+21 1.580599429281E+20 7.228621917798E+17 4.913056185621E+15 4.617519819474E+21 5.274201633812E+16 1.214856487259E+12 1.026787727993E+15 6.210900339072E+17 2.332632196138E+16 4.380665156598E+02 3.340260663075E+02 4.639227567520E+01 1.029072897375E+05 3.434522821826E+00 3.887506336753E+15
5.681172110984E+02 4.244774205195E-02 1.328117747940E-02 7.220715002280E+22 5.901946901762E+21 1.957029259968E+20 9.406875001090E+17 6.314639387637E+15 6.594798414651E+21 5.446161537622E+16 4.990440723478E+11 1.337495405084E+15 1.129571108335E+18 4.520765948440E+16 4.846700946219E+02 3.411613126992E+02 4.255532735190E+01 9.610759950165E+04 3.329949757993E+00 4.974629848284E+15
1.576004924176E+02 2.112768240363E-02 1.742719743545E-02 2.750376725499E+22 2.238719823051E+21 5.563298253733E+19 4.333363372397E+17 1.822277583043E+15 1.428092773462E+21 1.593175265894E+16 5.761675786245E+11 6.283037138617E+14 4.216410743438E+17 1.375441742982E+16 3.655573576558E+02 3.260505074955E+02 5.445048772388E+01 1.156645948304E+05 3.598284271240E+00 1.194558141720E+15
8.761993153418E+02 9.684773438813E-03 1.920711795038E-02 1.563592197758E+23 3.730749918100E+21 1.012679427513E+20 3.058037806906E+17 1.392692799143E+15 1.674353306791E+21 1.730492128887E+15 6.155999695908E+08 7.816298998591E+14 3.237750961907E+18 2.326894378552E+17 3.920640985424E+02 3.276902233087E+02 3.724686447724E+01 8.543164018607E+04 3.167904400848E+00 6.110719071115E+14
9.845453220473E+02 3.291903754665E-02 1.797570380001E-02 1.320146107416E+23 5.519056735754E+21 1.429757416905E+20 7.072609084815E+17 3.483566305703E+15 4.745322602683E+21 1.256315295853E+16 1.340420424337E+10 1.145880746755E+15 2.252155901846E+18 1.066645297840E+17 5.006898636881E+02 3.385250042470E+02 3.765402354459E+01 8.658173479178E+04 3.184624357836E+00 2.337707002371E+15
1.218010538782E+03 7.036093586145E-03 1.361033461725E-02 2.166991125334E+23 4.330417698835E+21 1.331614064227E+20 4.474098104100E+17 2.051155173281E+15 2.238938249977E+21 2.486092056655E+15 9.338143528792E+08 1.174590105717E+15 6.118323913365E+18 4.893952335426E+17 3.948850577468E+02 3.296825236019E+02 3.759036654710E+01 8.608501476324E+04 3.174531309775E+00 8.774010785369E+14
3.794352736232E+02 1.955689833589E-02 5.654182777360E-03 5.215303091588E+22 5.520854803919E+21 2.448976412694E+20 1.591316298420E+18 1.220175028194E+16 8.462324622768E+21 2.255869912823E+17 3.097927418857E+13 2.097229871999E+15 1.317245089945E+18 5.635982362222E+16 4.140458849375E+02 3.417961494025E+02 5.596052325678E+01 1.199781295237E+05 3.663098988072E+00 1.013610997501E+16
1.215533538142E+03 3.701985974897E-02 1.473075153822E-02 1.484351682497E+23 6.406132915050E+21 1.529700323660E+20 1.013099319229E+18 5.410225802217E+15 6.896654438910E+21 2.486456483474E+16 3.600264796736E+10 1.537268267750E+15 2.626902134796E+18 1.226005837504E+17 5.438192115552E+02 3.476603920577E+02 3.802263548708E+01 8.747331032909E+04 3.193271005608E+00 3.874667125669E+15
2.262971876775E+02 1.186954538191E-02 8.089801848472E-03 3.901797674321E+22 3.261285955693E+21 8.514693614730E+19 9.115459033645E+17 4.133218107282E+15 2.747361909307E+21 5.065628808709E+16 4.358556874596E+12 1.246014690302E+15 9.477180048678E+17 3.553687115662E+16 3.633528529706E+02 3.286299041613E+02 5.968339957152E+01 1.245296188924E+05 3.712020261762E+00 2.891569781571E+15
4.917192656861E+02 1.354508940614E-02 1.760323175406E-02 8.640805134250E+22 4.086176337537E+21 1.078167403574E+20 4.209112251241E+17 1.702088198484E+15 1.840466449294E+21 4.874281834855E+15 1.022921990520E+10 7.785902377696E+14 1.277740640780E+18 7.788687697176E+16 3.852637670975E+02 3.275301456697E+02 4.202556052487E+01 9.400974379290E+04 3.301953405526E+00 9.234319542354E+14
5.811272106193E+02 4.637533718894E-02 9.477845814795E-03 6.584755325999E+22 6.518479399999E+21 2.532013267617E+20 1.313913063853E+18 1.191046115211E+16 1.037149050589E+22 1.650771745420E+17 4.457752416865E+12 1.817459524568E+15 1.175711391773E+18 4.263422913524E+16 5.071789243874E+02 3.518489827906E+02 4.511150294458E+01 1.016472460523E+05 3.403017433104E+00 1.009768481086E+16
1.054346432499E+03 5.266971415125E-03 1.057839956570E-02 1.943112229692E+23 4.692729651946E+21 1.425446309648E+20 5.550546016488E+17 2.307544681000E+15 2.346223452519E+21 4.069297329249E+15 4.841217890759E+09 1.309178750086E+15 5.470026044072E+18 4.650666127843E+17 3.789937791243E+02 3.293165464235E+02 4.183563633517E+01 9.367854217920E+04 3.284357431235E+00 9.984732446200E+14
3.186271262437E+02 1.373624354235E-02 1.991524668511E-02 5.783868488316E+22 3.092929660747E+21 7.358585055309E+19 3.350428583924E+17 1.266808923678E+15 1.310143335098E+21 4.731913560558E+15 2.527591376164E+10 5.937543087296E+14 7.524354289856E+17 4.008613967184E+16 3.703407496367E+02 3.260164388673E+02 4.665395391354E+01 1.020926453040E+05 3.412086270217E+00 6.733985646067E+14
1.448078208096E+02 2.981521342039E-02 1.333546917564E-02 2.279548821322E+22 2.314731208272E+21 7.594661017742E+19 6.035835327543E+17 3.539974114739E+15 2.507769291936E+21 5.382514640886E+16 5.899143619861E+12 8.118976295845E+14 3.984951719774E+17 1.221272213369E+16 3.787323540531E+02 3.282078029339E+02 5.763091234064E+01 1.217964778411E+05 3.687830618106E+00 2.733987086298E+15
5.501239913510E+02 2.511147426084E-02 8.038343921981E-03 7.402292462910E+22 6.700727639411E+21 2.715485319407E+20 1.370857212917E+18 9.227381977119E+15 8.058058272938E+21 1.041456713356E+17 2.982317475874E+12 1.884937526983E+15 1.503029344122E+18 6.875875039882E+16 4.474393660758E+02 3.432824943131E+02 4.763285862045E+01 1.051901248763E+05 3.458939340104E+00 7.345527900633E+15
1.081217058054E+03 1.342766096902E-02 1.052186532875E-02 1.681188683490E+23 6.643043087726E+21 2.312726131980E+20 9.906913056757E+17 4.332399007494E+15 4.750262256399E+21 1.387569821976E+16 2.367634090969E+10 1.683794101708E+15 3.851081845438E+18 2.547809877012E+17 4.356827366121E+02 3.371748307713E+02 4.018795229198E+01 9.100219455694E+04 3.249851781581E+00 2.648779702825E+15
1.188570289480E+03 4.498902047036E-02 1.080454914316E-02 1.292312516764E+23 7.621845007303E+21 1.799648244938E+20 1.518688899470E+18 1.041990234189E+16 1.111675484487E+22 8.357545335999E+16 3.872133686033E+11 2.096104462269E+15 2.218195788220E+18 9.721457999290E+16 5.810803466505E+02 3.628218736316E+02 4.018051747112E+01 9.201322610798E+04 3.255951941095E+00 8.324323971090E+15
6.014196275224E+02 3.925090478973E-02 1.488064969320E-02 7.949471890813E+22 5.743928027754E+21 1.786147599300E+20 8.344984828317E+17 4.971970650507E+15 5.591154741581E+21 3.402694818480E+16 1.839563008026E+11 1.213196361239E+15 1.211582200993E+18 5.108787942940E+16 4.786397079341E+02 3.386133560487E+02 4.137265088875E+01 9.367663549805E+04 3.296190880212E+00 3.758975198623E+15
2.528206958234E+02 3.035747204268E-02 1.312203456996E-02 3.788984837533E+22 3.700297033715E+21 1.287134018999E+20 7.043049803040E+17 4.154173121036E+15 3.612883020939E+21 4.746868260211E+16 1.966942762244E+12 9.802614372246E+14 5.937475307103E+17 2.336797965512E+16 4.039519041806E+02 3.310024836367E+02 5.087247390575E+01 1.103579166977E+05 3.536676541872E+00 3.173118182200E+15
1.852649552327E+02 1.474624168479E-02 5.283884871813E-03 2.833440164074E+22 2.894742762842E+21 1.039239342350E+20 1.284382535224E+18 8.996660623810E+15 4.881789434450E+21 2.338928392377E+17 1.043407291137E+14 1.626210387800E+15 8.623777385246E+17 2.800498065853E+16 3.706119937493E+02 3.326505000935E+02 6.887379528384E+01 1.404530055325E+05 3.942570894304E+00 7.474845799247E+15
1.010789482011E+03 4.248207898382E-02 1.840140690099E-02 1.259597535747E+23 5.612797138882E+21 1.272047996275E+20 7.672228534227E+17 4.062393824751E+15 5.558810594176E+21 1.755046262359E+16 2.159439296964E+10 1.186341084027E+15 1.977728981259E+18 8.772073375982E+16 5.333738101366E+02 3.419553187832E+02 3.757158560241E+01 8.658855230996E+04 3.182481152827E+00 2.878417705362E+15
5.504096049916E+02 1.879624937905E-02 7.755873279804E-03 7.994047285551E+22 6.595881313766E+21 2.528614437585E+20 1.339223417262E+18 7.673405171070E+15 6.811915152959E+21 7.528466975026E+16 1.950357910957E+12 1.849327260033E+15 1.697252842627E+18 8.667034452858E+16 4.259205748620E+02 3.396219012342E+02 4.860379770245E+01 1.064738086007E+05 3.475771463499E+00 5.826145777355E+15
4.579359700997E+02 5.001098131299E-03 8.320926136521E-03 8.721150652738E+22 4.231692171920E+21 9.304797346103E+19 7.178027823593E+17 2.526182593002E+15 1.935036705281E+21 1.176745805193E+16 1.510413637529E+11 1.250057960090E+15 2.076141718096E+18 1.204289621141E+17 3.548528067740E+02 3.272556420011E+02 5.272726750241E+01 1.124481473308E+05 3.539866077588E+00 1.276285964282E+15
6.010701415432E+01 1.413707510336E-02 1.872725781638E-02 1.158171832913E+22 7.735598857285E+20 1.157074872574E+19 2.725024621048E+17 9.536020575805E+14 4.902281861687E+20 1.232526201923E+16 1.843449322922E+12 3.986874080325E+14 3.101414040834E+17 3.410245703170E+15 3.386149032728E+02 3.240741506133E+02 7.242893707894E+01 1.437751780221E+05 3.944582702592E+00 5.567769813579E+14
3.121265642688E+01 2.746117022586E-02 1.366957208367E-02 5.275220202758E+21 4.595446604256E+20 1.189829428699E+19 3.135375627651E+17 2.004908362775E+15 8.637945998550E+20 8.022759882820E+16 9.042477292615E+13 4.151466426371E+14 1.524724787505E+17 1.330208167454E+15 3.420445258245E+02 3.247081826754E+02 9.233045362807E+01 1.738012279738E+05 4.402004464884E+00 1.679666345346E+15
8.023759525914E+02 3.827453533263E-02 1.867553637935E-02 1.067388023352E+23 5.409537047056E+21 1.403994155963E+20 6.831681221556E+17 3.536884489281E+15 4.711394063697E+21 1.544645024650E+16 2.483445693326E+10 1.061244201032E+15 1.638556944389E+18 7.267810880858E+16 4.967094584224E+02 3.375822501051E+02 3.840144268395E+01 8.799274781261E+04 3.210342297051E+00 2.477544847366E+15
6.127300746581E+02 1.716784389257E-02 1.051172432398E-02 9.513556457017E+22 6.122690054187E+21 2.063902952271E+20 9.708676582141E+17 4.585471093985E+15 4.601841474596E+21 2.626220922632E+16 1.871888683445E+11 1.452919756050E+15 1.787510075762E+18 1.014742865580E+17 4.184141302042E+02 3.346839352744E+02 4.437048731136E+01 9.857945314682E+04 3.366208510726E+00 3.132836089184E+15
1.055439642870E+03 2.565894391146E-02 4.526552413913E-03 1.131171999118E+23 1.025056634011E+22 4.568012058463E+20 2.948063931731E+18 2.731213091356E+16 1.968742296978E+22 4.381977001175E+17 2.017208705036E+13 3.894174153363E+15 2.991631891211E+18 1.233676388229E+17 5.327032476317E+02 3.835678284852E+02 4.753810083626E+01 1.062254427590E+05 3.459663545799E+00 2.343994330733E+16
1.125904727881E+02 2.535552809784E-02 5.923321069114E-03 1.518847465825E+22 1.730158758681E+21 8.521151072664E+19 1.003048435242E+18 1.023669034427E+16 4.850364174301E+21 4.406881769202E+17 4.987479456710E+14 1.241997363270E+15 4.050040440473E+17 1.048047060832E+16 3.732667101776E+02 3.325059051364E+02 7.490191095002E+01 1.513687451394E+05 4.130159550689E+00 9.493597055783E+15
1.059303264229E+03 8.760607300032E-03 1.065119624480E-02 1.805382651041E+23 5.810497863990E+21 1.921782672391E+20 7.667285038653E+17 3.195009811198E+15 3.344771773720E+21 7.283771783570E+15 8.609119406915E+09 1.506512892323E+15 4.421327416735E+18 3.375684635937E+17 4.040524650552E+02 3.325187608404E+02 4.016751569033E+01 9.081372594264E+04 3.246083178275E+00 1.688505474551E+15
1.219232198323E+02 1.265378537375E-02 1.048396570957E-02 2.202691735876E+22 1.769906669644E+21 3.684960083856E+19 5.982757582719E+17 2.493382388715E+15 1.445355426710E+21 3.584681372452E+16 5.419305020297E+12 8.162889001635E+14 5.704858434242E+17 1.317655614444E+16 3.493538509259E+02 3.259023181333E+02 6.687525122697E+01 1.357414172623E+05 3.853451815897E+00 1.683872667318E+15
2.053867622248E+02 4.798155445699E-02 1.443822403758E-02 2.804322656383E+22 3.190653212458E+21 1.281918086145E+20 6.510594151336E+17 4.993599194847E+15 4.089368396235E+21 7.619598854635E+16 5.154246159630E+12 9.022701784168E+14 4.102686957625E+17 1.349756662610E+16 4.196220242792E+02 3.320821002316E+02 5.110982807138E+01 1.115701195330E+05 3.554330554748E+00 4.096607328052E+15
5.850760838188E+01 8.631609712726E-03 1.328779629684E-02 1.152469145414E+22 6.934270218488E+20 8.661513036255E+18 3.109842520382E+17 1.096136374478E+15 4.704010831283E+20 1.696750205525E+16 4.081322422497E+12 4.790505563731E+14 4.316543115136E+17 3.628510040368E+15 3.337715072211E+02 3.240123888962E+02 8.102603020819E+01 1.563627556848E+05 4.099869211109E+00 6.216310986167E+14
4.721418489252E+01 1.583998792650E-02 1.076883247667E-02 8.435598446626E+21 6.782628560711E+20 1.390379578942E+19 4.091047987353E+17 2.120581870208E+15 9.365314531291E+20 6.497593034749E+16 4.878823857719E+13 5.545500540764E+14 2.846856340705E+17 2.923596579779E+15 3.398435468947E+02 3.248363216929E+02 8.867318443533E+01 1.680552835267E+05 4.297123684523E+00 1.614848241228E+15
4.969064548497E+02 3.728993926482E-02 1.203364286167E-02 6.534535665778E+22 5.779914417158E+21 2.085998987516E+20 9.700281165967E+17 6.527909832123E+15 6.382561597821E+21 6.194702334229E+16 8.725626010104E+11 1.372810631090E+15 1.059485417266E+18 4.363206592529E+16 4.631030478855E+02 3.395796640266E+02 4.426240746916E+01 9.916490358062E+04 3.376081488483E+00 5.156230921013E+15
1.959700890448E+02 2.550244402179E-02 1.871063920631E-02 3.283743016629E+22 2.720250985547E+21 7.464725644753E+19 4.397589970652E+17 1.962220792255E+15 1.770954722027E+21 1.555256417613E+16 3.626741328880E+11 6.436529430797E+14 4.418951548224E+17 1.669063004332E+16 3.794858081325E+02 3.268748991623E+02 5.080585947392E+01 1.096154210090E+05 3.521046249537E+00 1.319776826171E+15
1.187084844407E+03 4.552752416449E-02 1.935445717277E-02 1.421340394695E+23 5.506766925317E+21 1.076639105833E+20 7.705769932358E+17 4.053702898278E+15 5.772230011236E+21 1.615311346954E+16 1.391932050239E+10 1.211614586017E+15 2.178478717593E+18 9.951734503921E+16 5.600477728708E+02 3.442179219205E+02 3.668848659484E+01 8.495805674308E+04 3.155701578582E+00 2.842120106796E+15
7.597497422674E+02 3.233236737452E-02 8.951231281056E-03 9.387045620578E+22 7.486904599105E+21 2.759436558474E+20 1.452420092707E+18 1.014482321817E+16 9.579498047119E+21 9.865701653548E+16 1.286916395209E+12 2.010336371061E+15 1.831780173086E+18 7.923555198107E+16 4.948036341653E+02 3.505603838001E+02 4.376855640573E+01 9.847805002544E+04 3.358790870379E+00 8.135944869078E+15
1.264960509033E+03 2.688344963449E-02 1.702857943784E-02 1.712302914470E+23 5.528850176292E+21 1.468738174017E+20 7.308546513137E+17 3.442699391435E+15 4.742794823255E+21 9.713732525599E+15 6.324593734848E+09 1.272815882588E+15 3.394104378139E+18 1.741633972955E+17 5.043746234301E+02 3.397211612689E+02 3.677524848205E+01 8.488551442407E+04 3.156987307887E+00 2.169905786540E+15
1.006804461882E+03 2.845044966306E-02 1.449747780929E-02 1.361433417298E+23 6.209052187717E+21 1.798824233310E+20 8.871941633593E+17 4.421016938235E+15 5.525301466581E+21 1.822278148697E+16 2.968004863126E+10 1.388784183328E+15 2.513647030426E+18 1.243106773335E+17 4.925210839450E+02 3.407379318652E+02 3.878412629401E+01 8.869539587719E+04 3.215879402451E+00 3.032277667141E+15
1.275684842894E+03 2.916088035482E-02 6.452948284049E-03 1.419781525503E+23 9.681339228594E+21 3.292100391451E+20 2.388488700764E+18 1.743330942963E+16 1.524226045681E+22 1.776788160267E+17 2.116305228926E+12 3.205190878945E+15 3.266080421242E+18 1.469351447402E+17 5.525170944463E+02 3.749192798334E+02 4.324071787952E+01 9.778226428405E+04 3.338604342970E+00 1.423027383237E+16
5.391164192799E+02 2.185890332676E-02 1.753880708216E-02 8.579654487072E+22 4.785017021450E+21 1.387785962749E+20 5.450336289524E+17 2.436977461565E+15 2.817390138185E+21 9.098784392682E+15 2.109316513450E+10 9.011756969140E+14 1.255544690164E+18 6.737559990442E+16 4.174534096115E+02 3.303106436211E+02 4.074912810716E+01 9.191557815804E+04 3.274821017156E+00 1.535825797231E+15
1.055254782460E+03 4.417606507582E-02 1.071864408325E-02 1.172457391584E+23 7.500140297245E+21 1.957810837757E+20 1.458939140844E+18 1.021795467898E+16 1.071035489162E+22 8.648807999836E+16 4.989308785897E+11 2.013541191175E+15 2.048732380649E+18 8.671387722761E+16 5.634352405959E+02 3.595083016083E+02 4.077821012288E+01 9.313922692100E+04 3.273991842012E+00 8.204953647140E+15
1.394831069685E+02 3.319969653835E-02 1.536754734974E-02 2.198945015089E+22 2.224884005610E+21 7.201946214754E+19 5.334763922807E+17 3.058495658527E+15 2.264266868782E+21 4.305940654064E+16 3.807384980130E+12 7.251519346231E+14 3.528552766382E+17 1.061193279028E+16 3.805116763131E+02 3.277477527099E+02 5.626369686265E+01 1.194464573847E+05 3.656901655738E+00 2.337191243398E+15
9.334488555176E+02 3.185530789897E-02 1.138435330191E-02 1.187029048981E+23 7.113496847432E+21 2.218815391333E+20 1.208713523590E+18 7.012895293852E+15 7.725776604903E+21 4.486690039547E+16 1.904174859660E+11 1.737731854234E+15 2.218246105973E+18 1.021354357251E+17 5.054327120443E+02 3.471466764617E+02 4.080300290090E+01 9.267480978824E+04 3.275061983301E+00 5.272709538790E+15
9.472429323149E+02 1.838310388690E-02 1.778492580531E-02 1.473806630568E+23 4.918430876278E+21 1.439263298111E+20 5.305422997625E+17 2.349595222832E+15 3.106288969919E+21 5.295334368064E+15 3.569676902953E+09 1.010557730674E+15 2.819276151904E+18 1.665442657522E+17 4.410651245837E+02 3.323963298134E+02 3.756150145783E+01 8.615536132906E+04 3.179963870851E+00 1.340166084909E+15
1.161368921493E+03 1.427202052258E-02 1.626079350833E-02 1.844158509672E+23 4.856425890095E+21 1.496516885824E+20 5.376735669279E+17 2.386311866351E+15 3.083625359963E+21 4.282297228220E+15 2.037503140365E+09 1.126045941475E+15 4.197184195724E+18 2.721533689025E+17 4.369530935255E+02 3.327563802975E+02 3.702819511299E+01 8.514993126403E+04 3.162468107059E+00 1.260298344353E+15
1.236981909849E+03 4.408340842396E-02 4.379146740735E-03 1.011790231628E+23 9.925448010231E+21 3.359256182993E+20 3.400491919128E+18 4.740243216665E+16 2.900167367283E+22 1.102811913340E+18 7.656192199996E+13 4.477218099542E+15 2.177010222785E+18 7.904129005315E+16 6.379854041569E+02 4.276139498022E+02 4.645880517406E+01 1.061162364039E+05 3.440784474706E+00 4.300410732713E+16
1.255526297272E+03 3.000030677988E-02 7.398825566468E-03 1.433721758991E+23 9.124765509353E+21 2.956170259194E+20 2.087782525947E+18 1.419691218687E+16 1.326009733400E+22 1.260185408837E+17 1.050211047152E+12 2.839810778360E+15 3.158262777782E+18 1.443585528610E+17 5.476409243384E+02 3.683019743273E+02 4.230916257537E+01 9.588690597197E+04 3.313176061405E+00 1.135568699386E+16
4.528063048491E+01 2.918473763410E-02 5.053460851021E-03 5.170513107915E+21 5.296985489032E+20 3.864176571302E+19 6.204164358273E+17 8.990515743790E+15 3.531036073487E+21 1.088913762104E+18 3.433233305525E+15 7.925598078182E+14 1.049181712343E+17 1.865379269954E+15 3.542285092859E+02 3.297304577591E+02 1.048371071768E+02 1.949139375294E+05 4.960332210295E+00 1.164110750205E+16
5.053768433911E+02 4.147182839365E-02 1.115249285720E-02 6.300428989034E+22 5.942355531632E+21 2.232609723808E+20 1.066589900874E+18 8.080225789750E+15 7.564116656957E+21 9.052850403327E+16 1.735176829514E+12 1.494560973771E+15 1.049661699313E+18 4.071836013079E+16 4.770286039230E+02 3.429732701602E+02 4.478607823346E+01 1.004422480284E+05 3.392244163924E+00 6.591872515409E+15
4.219502972835E+02 4.514538536599E-02 1.111280838252E-02 5.190227162255E+22 5.413894325819E+21 2.170995732172E+20 1.016367691890E+18 8.446560391759E+15 7.476120135816E+21 1.120413786980E+17 3.418458522863E+12 1.422377792186E+15 8.523486230091E+17 3.119618947376E+16 4.701150794629E+02 3.419740403549E+02 4.619758009526E+01 1.032258649590E+05 3.433051641150E+00 7.033123811645E+15
4.885513797744E+02 2.182026909099E-02 1.513045482340E-02 7.705317741234E+22 4.974026222164E+21 1.514372767299E+20 6.477747841759E+17 2.994271072360E+15 3.213330775262E+21 1.450207391174E+16 6.492695811649E+10 1.011297330565E+15 1.165368427992E+18 6.094040867810E+16 4.143874658568E+02 3.310462576744E+02 4.271804216238E+01 9.552628882732E+04 3.327215616678E+00 1.982268635620E+15
2.291076781492E+01 3.538827851719E-02 1.196768752260E-02 3.488894006959E+21 3.148091087000E+20 1.173374055584E+19 2.809022719045E+17 2.584484262841E+15 1.030395946620E+21 1.758021654417E+17 3.582878350948E+14 3.795785354253E+14 8.295195422660E+16 7.214620888792E+14 3.425547622108E+02 3.249940878083E+02 1.047824396064E+02 1.914043196547E+05 4.738885105508E+00 2.563198901065E+15
1.126078469856E+03 4.189804337754E-02 1.025783031056E-02 1.251486851263E+23 7.742687364511E+21 2.024433349333E+20 1.545081106861E+18 1.062827040716E+16 1.106723154380E+22 8.780980005606E+16 4.831670111320E+11 2.130963861622E+15 2.255296755147E+18 9.756708268740E+16 5.657618296192E+02 3.613598863687E+02 4.070963141854E+01 9.297893097545E+04 3.271269656676E+00 8.499746807232E+15
1.232352887799E+02 3.128970338822E-02 1.153199501736E-02 1.881111663494E+22 2.017156556683E+21 7.235999948134E+19 6.594333058947E+17 4.473214503712E+15 2.802559787943E+21 9.052262307303E+16 1.993817577430E+13 8.638114685920E+14 3.684087614199E+17 1.021314914458E+16 3.765859552990E+02 3.286996524524E+02 6.161055635784E+01 1.287841643167E+05 3.785112319291E+00 3.632216066711E+15
9.833335450483E+02 3.750764709637E-02 4.794041240366E-03 9.203629419899E+22 9.336336681630E+21 3.934243054251E+20 2.810922323323E+18 3.407714652606E+16 2.267913632113E+22 7.071171079886E+17 4.675937646994E+13 3.743293736405E+15 2.182841400227E+18 7.788401971362E+16 5.723538896988E+02 3.957103139277E+02 4.725229584641E+01 1.068107919531E+05 3.461893442634E+00 3.038409789616E+16
8.642138731681E+02 2.629484356205E-02 8.238224628084E-03 1.105249319135E+23 8.005553827158E+21 2.999458348891E+20 1.584044269058E+18 1.005808994826E+16 9.559044663340E+21 8.608283980376E+16 9.106521780573E+11 2.200008660056E+15 2.320749148028E+18 1.094927398294E+17 4.875384041245E+02 3.509247240490E+02 4.359325428871E+01 9.793430737747E+04 3.350834735622E+00 7.860018959191E+15
1.125319103855E+03 4.915315710837E-02 1.820578235916E-02 1.316854978225E+23 5.755357791020E+21 1.122680964502E+20 8.455328003046E+17 4.693519906935E+15 6.416375570371E+21 2.212945104380E+16 2.699887125011E+10 1.278059717129E+15 1.949929803040E+18 8.704982040745E+16 5.661295335568E+02 3.462189274644E+02 3.729864099856E+01 8.620273609842E+04 3.173664058101E+00 3.417595689376E+15
9.301730802342E+02 2.711715025429E-02 6.715965977364E-03 1.112727991728E+23 8.810105459532E+21 3.487351174482E+20 1.997164714440E+18 1.457670881494E+16 1.263515799994E+22 1.586034173197E+17 2.832439994994E+12 2.708419010643E+15 2.521924040537E+18 1.125599402447E+17 5.063092615150E+02 3.608287034215E+02 4.487367898110E+01 1.006346814809E+05 3.385902277194E+00 1.187117541078E+16
4.033959838016E+02 3.642263208699E-02 1.142389363386E-02 5.379445210476E+22 5.262551574068E+21 2.019111245096E+20 9.498045018747E+17 6.685446902748E+15 6.104964734417E+21 7.558333521295E+16 1.924058934421E+12 1.332005807868E+15 8.824142958731E+17 3.542063500801E+16 4.470047823076E+02 3.379742040340E+02 4.662722012803E+01 1.034709296315E+05 3.439174699248E+00 5.360268410099E+15
4.985311853607E+02 3.253227994894E-02 1.979469642774E-02 7.398093570270E+22 4.689840705436E+21 1.347776083067E+20 5.393469118445E+17 2.652287883250E+15 3.209170977058E+21 1.210062857114E+16 3.339469995572E+10 8.469489783748E+14 9.893123706291E+17 4.550735446272E+16 4.402635211324E+02 3.314817505300E+02 4.039556059256E+01 9.144316964998E+04 3.269222128391E+00 1.803830619763E+15
1.012974107240E+03 9.799652508332E-03 1.437753326519E-02 1.742522512331E+23 4.775755432571E+21 1.458955003307E+20 5.075333975827E+17 2.197493830625E+15 2.520295345344E+21 3.718256555066E+15 2.241650901054E+09 1.119369824457E+15 3.969652968139E+18 2.916949976292E+17 4.037996119273E+02 3.302743867326E+02 3.830392763165E+01 8.740653418251E+04 3.196784084154E+00 1.078129574870E+15
4.864894656776E+02 3.166077632555E-02 8.611716918721E-03 6.245893468434E+22 6.210624489091E+21 2.595201728850E+20 1.277074794553E+18 9.762340823967E+15 8.321808390689E+21 1.276172963005E+17 4.656694880803E+12 1.758558319641E+15 1.197845893480E+18 4.950796568227E+16 4.561352525841E+02 3.438363168740E+02 4.776436098832E+01 1.057765810717E+05 3.468196140264E+00 8.014264117983E+15
1.231731986998E+03 3.507412738775E-02 1.520871031254E-02 1.532387211853E+23 6.244976820248E+21 1.514630271420E+20 9.562951147354E+17 4.948846128160E+15 6.433498237768E+21 2.071689527479E+16 2.527641647034E+10 1.483715850638E+15 2.766239518852E+18 1.310802315228E+17 5.372029580408E+02 3.460180643563E+02 3.773502677637E+01 8.687529431677E+04 3.184965204799E+00 3.467583224583E+15
1.251558977531E+03 4.201905496574E-02 1.360133036644E-02 1.444112929300E+23 6.797174220254E+21 1.506797256638E+20 1.176323980777E+18 6.812730178495E+15 8.294547078453E+21 3.793547481558E+16 7.515685653580E+10 1.712713905416E+15 2.444885797470E+18 1.121778522598E+17 5.677838575741E+02 3.533683635790E+02 3.847676028438E+01 8.849804481748E+04 3.205842416399E+00 5.098986757119E+15
1.835432918727E+01 4.663098884167E-02 1.994960607037E-02 3.004962335330E+21 2.672136235308E+20 7.844528336483E+18 2.020762819241E+17 1.466478036398E+15 6.070612539864E+20 7.035979642102E+16 1.005484756736E+14 2.683574065476E+14 7.723720808438E+16 4.700234118817E+14 3.420379979010E+02 3.242524457260E+02 9.627392412879E+01 1.793695138812E+05 4.507932192148E+00 1.297484358933E+15
9.314850590839E+02 4.177466857861E-02 7.797535456689E-03 9.909533669712E+22 8.202465762430E+21 2.738899544687E+20 1.860743731555E+18 1.630006940952E+16 1.416613098100E+22 2.066622179926E+17 3.693724486303E+12 2.514049662075E+15 1.951161372895E+18 7.646665559071E+16 5.542037822794E+02 3.682961610329E+02 4.363690414772E+01 9.900380694623E+04 3.355811385926E+00 1.378980533524E+16
7.164656058654E+02 2.724591284856E-02 9.546740744442E-03 9.535819165177E+22 7.143836611628E+21 2.620517500309E+20 1.289090343799E+18 7.878252512679E+15 7.717396577620E+21 6.401971683621E+16 6.460542468942E+11 1.816563705655E+15 1.833229090789E+18 8.632218557057E+16 4.697015271302E+02 3.443849833769E+02 4.363315193162E+01 9.786489350899E+04 3.353461160922E+00 6.063538225670E+15
6.004107667372E+02 9.226280359243E-03 1.249285825822E-02 1.071346576485E+23 4.662922689977E+21 1.299613043521E+20 5.743102185898E+17 2.222369220613E+15 2.323978879614E+21 7.312151831674E+15 2.734169441883E+10 1.038778848736E+15 2.027802720600E+18 1.387610747902E+17 3.806270042399E+02 3.286455884525E+02 4.492775624499E+01 9.916474674040E+04 3.367483135749E+00 1.183676160488E+15
1.047387199076E+03 3.990674372944E-02 1.373480427667E-02 1.264618289338E+23 6.632365995059E+21 1.681673022169E+20 1.081901516678E+18 6.256486297566E+15 7.524647859103E+21 3.603942547974E+16 9.049162689139E+10 1.575267484482E+15 2.164144405274E+18 9.612245036771E+16 5.388348305295E+02 3.484871148571E+02 3.915880452881E+01 8.971882555013E+04 3.226854802323E+00 4.684398136390E+15
2.412609073857E+02 2.932711663517E-02 6.054865632584E-03 3.019349003328E+22 3.736274439450E+21 1.995164804150E+20 1.324247112196E+18 1.405600392588E+16 8.242773279486E+21 3.998239824296E+17 1.434121848634E+14 1.734190715795E+15 7.253342480605E+17 2.469262577224E+16 4.124609524784E+02 3.406537410500E+02 5.975599625476E+01 1.276075801251E+05 3.781010435988E+00 1.246620293775E+16
5.421798969398E+01 1.086296323792E-02 8.396423511081E-03 9.891793851842E+21 7.458773415038E+20 1.379171930638E+19 4.696914283052E+17 2.371850888809E+15 9.940916049006E+20 7.401748765104E+16 5.751863342343E+13 6.660186612192E+14 3.839387762040E+17 3.927804930839E+15 3.372992020354E+02 3.249186966044E+02 9.298657904407E+01 1.737580755798E+05 4.368956386236E+00 1.763364653319E+15
1.169775422829E+03 2.677954263941E-02 1.774320046159E-02 1.612118776690E+23 5.373130872468E+21 1.439508171706E+20 6.767691787607E+17 3.171959443512E+15 4.406276659766E+21 8.830090422088E+15 5.876692023315E+09 1.184311832653E+15 3.102903230857E+18 1.589553122650E+17 4.950762614327E+02 3.380585665263E+02 3.686120289992E+01 8.502392294839E+04 3.160025178486E+00 1.987667921202E+15
1.134192156533E+03 3.518541940997E-02 1.456873631764E-02 1.419210019044E+23 6.393971834171E+21 1.629664451304E+20 9.883083676839E+17 5.239397547890E+15 6.612088737295E+21 2.420020867164E+16 3.887489613002E+10 1.500464355843E+15 2.540353349399E+18 1.184643195862E+17 5.296793135385E+02 3.458267921105E+02 3.835268640064E+01 8.805496539066E+04 3.203179438219E+00 3.740181183218E+15
6.728241883531E+01 3.076381195117E-02 1.088652437805E-02 1.040816646099E+22 1.075368913312E+21 3.757356517923E+19 5.518054586093E+17 4.037977226311E+15 2.039980223881E+21 1.292259936944E+17 9.312271056344E+13 6.925754974746E+14 2.462099667928E+17 4.588130687563E+15 3.593958794239E+02 3.269928366031E+02 7.503864941783E+01 1.500003100424E+05 4.079618886473E+00 3.438618208383E+15
5.165197152336E+02 4.189259331111E-02 7.517492138591E-03 5.724281090772E+22 6.457298322876E+21 3.012319395199E+20 1.500486934266E+18 1.575067814337E+16 1.198716131349E+22 2.877669583689E+17 1.831405572566E+13 2.063634694811E+15 1.145781705065E+18 4.037545140590E+16 4.923439183283E+02 3.545835262699E+02 4.803855764101E+01 1.074154772188E+05 3.486412636532E+00 1.370633905984E+16
1.243322469293E+03 1.488256071642E-02 1.824983054664E-02 1.956779203524E+23 4.418532150662E+21 1.320890811023E+20 4.615459893034E+17 2.099948070562E+15 2.856947124058E+21 3.196635812242E+15 1.033488532845E+09 1.035012024187E+15 4.618471298050E+18 2.924494540716E+17 4.434166761297E+02 3.323915104148E+02 3.609716503006E+01 8.343296680718E+04 3.135719352364E+00 1.064961932024E+15
1.304882378847E+03 3.897212277130E-02 1.967646913403E-02 1.612126408991E+23 5.325099598326E+21 1.096268715567E+20 7.205451020180E+17 3.587624869314E+15 5.235051588482E+21 1.162043123873E+16 6.913663842619E+09 1.200788879040E+15 2.707755287219E+18 1.285754200122E+17 5.498567432718E+02 3.426907887606E+02 3.611985447061E+01 8.378885627207E+04 3.138463524824E+00 2.386917529910E+15
6.006525117388E+02 5.024300525396E-03 4.238277797064E-03 1.055681565798E+23 6.668375039655E+21 1.881414117117E+20 1.814066357127E+18 7.236905363654E+15 5.093356900757E+21 6.319267167806E+16 2.668255610197E+12 2.575542310810E+15 3.710674689115E+18 2.201833857717E+17 3.702296879473E+02 3.341608184819E+02 5.651335244335E+01 1.191695864771E+05 3.629795185697E+00 4.664071754616E+15
9.620976500649E+02 2.358403381217E-02 7.489366955382E-03 1.233034479639E+23 8.527045187518E+21 3.263578733361E+20 1.769373054035E+18 1.096615812326E+16 1.025646659520E+22 9.152244615377E+16 9.404615410966E+11 2.449518051918E+15 2.759369696224E+18 1.352574188760E+17 4.893123863906E+02 3.535901249876E+02 4.366955250496E+01 9.803484483158E+04 3.350967779156E+00 8.521104041010E+15
1.260133783489E+02 1.257341073499E-02 1.953922753225E-02 2.418083055371E+22 1.520770968433E+21 2.634679535240E+19 2.966022078451E+17 1.027280911730E+15 6.650446194959E+20 6.647456236291E+15 1.839489117008E+11 4.825378003397E+14 4.182596125297E+17 1.013389301181E+16 3.458157292265E+02 3.244717065541E+02 5.732805588297E+01 1.200434228392E+05 3.642261694246E+00 5.449308810060E+14
3.840188237303E+02 4.983024509984E-02 1.690098337739E-02 5.075811613493E+22 4.643322279512E+21 1.543313800361E+20 6.799069159667E+17 4.538788828524E+15 4.725382723515E+21 4.043638280541E+16 4.505484311776E+11 9.816285181730E+14 6.757444556684E+17 2.494581563364E+16 4.614075078044E+02 3.350667798753E+02 4.332224722057E+01 9.738966016895E+04 3.354744266734E+00 3.557677403014E+15
5.095840714747E+02 2.242994530507E-02 1.497052030128E-02 7.945381103747E+22 5.108759744671E+21 1.571749066893E+20 6.692041861321E+17 3.132966611985E+15 3.391447848950E+21 1.526063950756E+16 6.560413930850E+10 1.040972272387E+15 1.214703685356E+18 6.326880093017E+16 4.188881239356E+02 3.315940636341E+02 4.243453363150E+01 9.504872483260E+04 3.320158477042E+00 2.093587698427E+15
1.293703237624E+03 4.152432626935E-02 1.280903079348E-02 1.475268775160E+23 7.044350605716E+21 1.568051262545E+20 1.270410436905E+18 7.482764061144E+15 8.890157077565E+21 4.365923410757E+16 9.582515695424E+10 1.831873321903E+15 2.538548930776E+18 1.172296715731E+17 5.726824691181E+02 3.558623633522E+02 3.869428407187E+01 8.894571021707E+04 3.211594219486E+00 5.653042408707E+15
1.044446532290E+03 1.589370624301E-02 5.195227932324E-03 1.382667476157E+23 9.790983098560E+21 4.256088348769E+20 2.405135259795E+18 1.457103490336E+16 1.225516651085E+22 1.385351042287E+17 2.646102026004E+12 3.251419659495E+15 3.753809138860E+18 2.033213964397E+17 4.706453592859E+02 3.582517911435E+02 4.663239260009E+01 1.032823959520E+05 3.423420502922E+00 1.132427975956E+16
1.023036562447E+03 3.613227846101E-02 1.116449092031E-02 1.231617558729E+23 7.326004610139E+21 2.117712168915E+20 1.316866253397E+18 8.101028130663E+15 8.855786067385E+21 5.605615636488E+16 2.430732723055E+11 1.864497613125E+15 2.277879353113E+18 1.012600667710E+17 5.309540558932E+02 3.520938974491E+02 4.048436252717E+01 9.225504747110E+04 3.265846859135E+00 6.237157239909E+15
5.553263961918E+02 4.390642348105E-02 1.757204457760E-02 7.376550502723E+22 5.246729802459E+21 1.535288287301E+20 7.003128802366E+17 4.090148572230E+15 4.836913440342E+21 2.599831345454E+16 1.122659538814E+11 1.032284125590E+15 1.030589572636E+18 4.192002738839E+16 4.788146345242E+02 3.364583141212E+02 4.069012083128E+01 9.237121488405E+04 3.278632331973E+00 3.057993766149E+15
4.813120775890E+02 3.113233896168E-02 5.740704405868E-03 5.509542643597E+22 6.492166389851E+21 3.411234940318E+20 1.764021784677E+18 1.876442811706E+16 1.289609305247E+22 4.043333185598E+17 5.133635840307E+13 2.381554979002E+15 1.296286362077E+18 4.801862287124E+16 4.659398315245E+02 3.548412854052E+02 5.188768031476E+01 1.142985652371E+05 3.584615399525E+00 1.643605291975E+16
1.622366456097E+02 1.250318966595E-02 1.794052707870E-02 3.063738468476E+22 1.958809199756E+21 3.768515573662E+19 3.434793559193E+17 1.220657273721E+15 8.745293968265E+20 7.430526480997E+15 1.609342024317E+11 5.561660297895E+14 4.936155332952E+17 1.546486375188E+16 3.506806572992E+02 3.249109227205E+02 5.491067978596E+01 1.161010294801E+05 3.593752828499E+00 6.646137126378E+14
1.101964159649E+03 3.037082237244E-02 5.868497023737E-03 1.196314807671E+23 9.617253841859E+21 3.623467852140E+20 2.464270513404E+18 2.060374092056E+16 1.666131797504E+22 2.642686703029E+17 5.849639434355E+12 3.286830698830E+15 2.792582670404E+18 1.174793230237E+17 5.456698707089E+02 3.768485279634E+02 4.490979403908E+01 1.011748399975E+05 3.387337482054E+00 1.732317893586E+16
1.180526582066E+02 2.984777663022E-02 1.705626214542E-02 1.958924226474E+22 1.858915182144E+21 5.278122709508E+19 4.565284368172E+17 2.304138565884E+15 1.641558670596E+21 2.970270635266E+16 2.451608893456E+12 6.251945306747E+14 3.214392829571E+17 8.623599455566E+15 3.694752513150E+02 3.264292941674E+02 5.753694930889E+01 1.211823927819E+05 3.677455388369E+00 1.681427249683E+15
1.083525580611E+03 4.230046442887E-02 1.785172555164E-02 1.331495037859E+23 5.736148968532E+21 1.269096579123E+20 8.107178537601E+17 4.301299858017E+15 5.861644348513E+21 1.856630313466E+16 2.189714835261E+10 1.251803719332E+15 2.125678828508E+18 9.552082979855E+16 5.416994850263E+02 3.435059736873E+02 3.745772845693E+01 8.639381439774E+04 3.178535044582E+00 3.052194844341E+15
3.677725646792E+02 2.770537276736E-02 1.697175618534E-02 5.714637622662E+22 4.326921274202E+21 1.314522463283E+20 5.777457542677E+17 2.824053689168E+15 2.953191219465E+21 1.688053931736E+16 1.222677742151E+11 8.735397743041E+14 7.785367003869E+17 3.585011977589E+16 4.126136143561E+02 3.301031766706E+02 4.403155170931E+01 9.794532468031E+04 3.364572508913E+00 1.950637476130E+15
1.283898188500E+03 3.780922018212E-02 1.569246224129E-02 1.558365716034E+23 6.182483190281E+21 1.390218894192E+20 9.573994127949E+17 5.011628282493E+15 6.608487956263E+21 2.110648076945E+16 2.363107097680E+10 1.482227530001E+15 2.722825601674E+18 1.284654589504E+17 5.510031351344E+02 3.473165630369E+02 3.743331745567E+01 8.634716419255E+04 3.176118217279E+00 3.532512191902E+15
1.128539587364E+03 3.422259440078E-02 1.200277955837E-02 1.381300378860E+23 7.128093671296E+21 1.962617691283E+20 1.234273995765E+18 7.012809994394E+15 8.093228058733E+21 4.032619695363E+16 1.114928038394E+11 1.792614425554E+15 2.587391701963E+18 1.196148717550E+17 5.323346788977E+02 3.505341048718E+02 3.958328090169E+01 9.047120556809E+04 3.237618460493E+00 5.220370356927E+15
4.582603773192E+02 3.379715712406E-02 1.913511554761E-02 6.764954159473E+22 4.659924674984E+21 1.374115080876E+20 5.604854592320E+17 2.837193276476E+15 3.307081049913E+21 1.459218892520E+16 5.403138511961E+10 8.625897704916E+14 8.950417861281E+17 4.009949341223E+16 4.381466859562E+02 3.315645108421E+02 4.115059848616E+01 9.285861352407E+04 3.290718790769E+00 1.974664537939E+15
8.120079999961E+01 3.666181855769E-02 1.690819913137E-02 1.315579802863E+22 1.331065831377E+21 4.053575666540E+19 4.338888818128E+17 2.521550774246E+15 1.552065679134E+21 4.572123716773E+16 8.779800408397E+12 5.726320130062E+14 2.419009593291E+17 5.007288185750E+15 3.657739868806E+02 3.261823952507E+02 6.274676788445E+01 1.300891460838E+05 3.797798282490E+00 1.957704646741E+15
2.119326533406E+02 3.870345515192E-02 4.918082753531E-03 2.142334894232E+22 3.036846629377E+21 2.351891108845E+20 1.437962623008E+18 2.431625095769E+16 1.135124892271E+22 1.170318319273E+18 1.114364272723E+15 1.881158902743E+15 5.407924262815E+17 1.505407497280E+16 4.259632622680E+02 3.479362500910E+02 6.259416784757E+01 1.348916420227E+05 3.914416406825E+00 2.355182876419E+16
1.433208794509E+02 6.486537207521E-03 1.226107426023E-02 2.829639432666E+22 1.578932363105E+21 2.269829624228E+19 3.972695198704E+17 1.295024793043E+15 7.275329605729E+20 1.022290964563E+16 5.637762219678E+11 6.487138863741E+14 7.107583451309E+17 1.586346656664E+16 3.389629195664E+02 3.245461152961E+02 6.510837986935E+01 1.324332118071E+05 3.790808820708E+00 6.471659735102E+14
1.100496148953E+03 1.633598484286E-02 1.797920158163E-02 1.724293274588E+23 4.681197387923E+21 1.384631619873E+20 4.954490451227E+17 2.212413718511E+15 2.979181612846E+21 4.040802994854E+15 1.826246680607E+09 1.025370660503E+15 3.682385923331E+18 2.266693505690E+17 4.422563872061E+02 3.324125335236E+02 3.675481409619E+01 8.465601386940E+04 3.155587557219E+00 1.187093775892E+15
1.905124713259E+01 3.187109634739E-02 1.812839699621E-02 3.313680927590E+21 2.666054766231E+20 6.199485652290E+18 1.978500619932E+17 1.260850687848E+15 5.024163312561E+20 5.512374718586E+16 6.815251361746E+13 2.809167375318E+14 1.012831898576E+17 5.221393656063E+14 3.375111298988E+02 3.240495980060E+02 1.002504682820E+02 1.838368309289E+05 4.548590934723E+00 1.047939197627E+15
1.150268585469E+03 4.994493708698E-02 6.167637337368E-03 1.027606127448E+23 9.020844965643E+21 2.595425748199E+20 2.540326024555E+18 2.913204022208E+16 2.156277805406E+22 5.095600740505E+17 1.580909222905E+13 3.366239207047E+15 1.946920875547E+18 7.448655970016E+16 6.235999011790E+02 3.999401354531E+02 4.427694955189E+01 1.012407425515E+05 3.374942940348E+00 2.578462410557E+16
7.781231361789E+02 4.124852642750E-02 1.301863039537E-02 9.583943367101E+22 6.497441697629E+21 1.924634208251E+20 1.054667400941E+18 6.688783673174E+15 7.435171901505E+21 4.920797050941E+16 2.578682481136E+11 1.501094451624E+15 1.586468209097E+18 6.624048351955E+16 5.125169809514E+02 3.455972280819E+02 4.093808484351E+01 9.309931812829E+04 3.281796021571E+00 5.190363003386E+15
6.418904620320E+02 3.165037605906E-02 7.529954373647E-03 7.769810448481E+22 7.367625602248E+21 3.100327559603E+20 1.592192506827E+18 1.285394733221E+16 1.082369513113E+22 1.683850213192E+17 5.198895564905E+12 2.177278501993E+15 1.606863357749E+18 6.622645378322E+16 4.832952498001E+02 3.522623202173E+02 4.653860738578E+01 1.038330302609E+05 3.436091710097E+00 1.068225425299E+16
6.557033074322E+02 2.512360333513E-02 1.338435543728E-02 9.551220307445E+22 5.951898423183E+21 1.925447762014E+20 8.439057709077E+17 4.250724039908E+15 4.718579865912E+21 2.227594914500E+16 8.913225344567E+10 1.276389708224E+15 1.604454199463E+18 8.138850298377E+16 4.464569905888E+02 3.358526912546E+02 4.154044889233E+01 9.362753502554E+04 3.296579929238E+00 2.974770771896E+15
9.135437331183E+02 3.381569168177E-02 1.474668648810E-02 1.195577579961E+23 6.210917230513E+21 1.747809437115E+20 9.042921243224E+17 4.809941299388E+15 5.922253011479E+21 2.365265762813E+16 5.217030099173E+10 1.363706829868E+15 2.059405213473E+18 9.506856199516E+16 5.017742302395E+02 3.417193845921E+02 3.923683457601E+01 8.964690429881E+04 3.230091614040E+00 3.446093634533E+15
5.952085142762E+02 2.285314706473E-02 5.966547739162E-03 7.611376180526E+22 7.454607427527E+21 3.382480408384E+20 1.811801651941E+18 1.403298819680E+16 1.099210145865E+22 2.063053256512E+17 1.165661230351E+13 2.434262668473E+15 1.808109774673E+18 8.048933455779E+16 4.543020895280E+02 3.506508982089E+02 5.006380205217E+01 1.099090357088E+05 3.522800370666E+00 1.161090892719E+16
1.134839322902E+03 4.387069735223E-02 8.855560194944E-03 1.197193336624E+23 8.225859649091E+21 2.200564492054E+20 1.809306897396E+18 1.411388872991E+16 1.346925122384E+22 1.442059171120E+17 1.284272191250E+12 2.447029742469E+15 2.195284213167E+18 9.228998591167E+16 5.803370073819E+02 3.698989407997E+02 4.172564549029E+01 9.520168435560E+04 3.299640656272E+00 1.166842812772E+16
5.378298661744E+02 1.783638757824E-02 1.171515658863E-02 8.495761358289E+22 5.573968040162E+21 1.800459858828E+20 8.379241126634E+17 3.882671787183E+15 3.933380538894E+21 2.175088590618E+16 1.550470284184E+11 1.266855863122E+15 1.485782554522E+18 8.241224451626E+16 4.115875253612E+02 3.327452147693E+02 4.449730312961E+01 9.874434643876E+04 3.369956944008E+00 2.616250409454E+15
1.395295863212E+02 2.061708294223E-02 7.637786508726E-03 2.156078828351E+22 2.233916799569E+21 7.814604386248E+19 9.098585512731E+17 6.216013587911E+15 3.495011380553E+21 1.496137982819E+17 5.513960303730E+13 1.164036762166E+15 5.452256286578E+17 1.573196830333E+16 3.693136727130E+02 3.299348987287E+02 6.697249225783E+01 1.373621302366E+05 3.900597265228E+00 5.107186262867E+15
1.332515692642E+03 1.008420672706E-02 5.721366464517E-03 1.991150661613E+23 9.264505186383E+21 3.877227231680E+20 2.047143492136E+18 9.319179509830E+15 8.535969959022E+21 4.761386431771E+16 2.640657152835E+11 3.055129840683E+15 5.881445242553E+18 4.104298463924E+17 4.441432588816E+02 3.486580418977E+02 4.385298034078E+01 9.772778979103E+04 3.343832179368E+00 6.264319675023E+15
1.313988560037E+03 4.620158204241E-02 1.818027783087E-02 1.525902466860E+23 5.757315374816E+21 1.062506461171E+20 8.637302812441E+17 4.611447003668E+15 6.438413094865E+21 1.911686937124E+16 1.670030563018E+10 1.342206293639E+15 2.341160269097E+18 1.100799963686E+17 5.771672695987E+02 3.476670094323E+02 3.665644179362E+01 8.494523108486E+04 3.153846246552E+00 3.269274105531E+15
5.936108841713E+02 4.126711587385E-02 1.288862526684E-02 7.529761133535E+22 6.056952419596E+21 2.010667295361E+20 9.774519283253E+17 6.529876588319E+15 6.809879502615E+21 5.586405809386E+16 5.004004658797E+11 1.387601596479E+15 1.202580139970E+18 4.870191936487E+16 4.865562260444E+02 3.419198621047E+02 4.250925752055E+01 9.602163115376E+04 3.328103347324E+00 5.139948350130E+15
7.809658361580E+02 2.454282108399E-02 1.587113151361E-02 1.148523393018E+23 5.595584709356E+21 1.679310315311E+20 6.997787754730E+17 3.294668532542E+15 4.071800548771E+21 1.230534870816E+16 2.122572330417E+10 1.134592975973E+15 1.951292597511E+18 1.022271141378E+17 4.536486188648E+02 3.348055530249E+02 3.936779278326E+01 8.960232994688E+04 3.233621331548E+00 2.160343020083E+15
9.063318562812E+02 2.522737925171E-02 8.576143114859E-03 1.177772416174E+23 7.959996146092E+21 2.915219452653E+20 1.530237684359E+18 9.196368284651E+15 9.008967449497E+21 7.051913670143E+16 5.765702736361E+11 2.146912620551E+15 2.471878258236E+18 1.201604278549E+17 4.861247969915E+02 3.496895347347E+02 4.296502687488E+01 9.667296461155E+04 3.332975006407E+00 7.049196870272E+15
7.061562509452E+02 1.477933777913E-02 1.644289456399E-02 1.179630144435E+23 4.812087209923E+21 1.391824463888E+20 5.095748741510E+17 2.165068028457E+15 2.529457862101E+21 5.442979578884E+15 6.354529609879E+09 9.536212263168E+14 2.023268704853E+18 1.278200308470E+17 4.077209024616E+02 3.298179657882E+02 3.952999415522E+01 8.965368547241E+04 3.234966338704E+00 1.211777496107E+15
4.482796057043E+02 3.088133104793E-02 1.971178303198E-02 6.808852284148E+22 4.506986797671E+21 1.305276606763E+20 5.214552078752E+17 2.523807320546E+15 2.945242578214E+21 1.180239931270E+16 3.831373179915E+10 8.191163808263E+14 8.899752027635E+17 4.129538588569E+16 4.290722521641E+02 3.305501783172E+02 4.106896687554E+01 9.261688090907E+04 3.287700361742E+00 1.704733713533E+15
5.562402230548E+02 3.366734096904E-02 1.821101876707E-02 7.992561175755E+22 5.063408222836E+21 1.483266751829E+20 6.189741563709E+17 3.159468152613E+15 3.817460359655E+21 1.550216093117E+16 4.597030432863E+10 9.529666789118E+14 1.130625308659E+18 5.145225253097E+16 4.529028093610E+02 3.333704283666E+02 4.035721944318E+01 9.147051691847E+04 3.267706640412E+00 2.204895995769E+15
3.455461884974E+02 4.347995420212E-02 1.706976586824E-02 4.811360298875E+22 4.377117705975E+21 1.457430777446E+20 6.371859847054E+17 3.931449365452E+15 4.023382211520E+21 3.318061632206E+16 3.908205801315E+11 9.248758119535E+14 6.369344573841E+17 2.451265686368E+16 4.417176564570E+02 3.329026250137E+02 4.413465383523E+01 9.863117648436E+04 3.374811273454E+00 3.007169060221E+15
6.606691097554E+02 1.216335748728E-02 1.867304060284E-02 1.162861207096E+23 4.111230659120E+21 1.102496200099E+20 3.694028189162E+17 1.563400803262E+15 1.802916960245E+21 2.965139164948E+15 2.328242893171E+09 7.818431165291E+14 1.920346087993E+18 1.277672624100E+17 3.912291810017E+02 3.277502044313E+02 3.904317011098E+01 8.869186695531E+04 3.220258403909E+00 7.817907474009E+14
1.213429247706E+03 4.306213963400E-02 1.524592261830E-02 1.422416729990E+23 6.359860176802E+21 1.366828781499E+20 1.025082143793E+18 5.734671720231E+15 7.340631104866E+21 2.882394085442E+16 4.448952096647E+10 1.525042604283E+15 2.331078123953E+18 1.065357819890E+17 5.630939410298E+02 3.497534800860E+02 3.793390731680E+01 8.741081063628E+04 3.190892934756E+00 4.210629997317E+15
1.258191948009E+03 3.816860391349E-02 1.020426062675E-02 1.419360759264E+23 7.888224578772E+21 2.026297004811E+20 1.583494365891E+18 1.013255572766E+16 1.080159741521E+22 7.368262062818E+16 3.037409230481E+11 2.206895091463E+15 2.657585877396E+18 1.204148530362E+17 5.666252749239E+02 3.616647177111E+02 4.019910969748E+01 9.190927661842E+04 3.253848779465E+00 7.928354219961E+15
1.076911953717E+02 1.478048349452E-02 1.846179580878E-02 2.029284449026E+22 1.420245629712E+21 2.572644333017E+19 3.325668909738E+17 1.196071130288E+15 7.477673610109E+20 1.010698807272E+16 4.833211156351E+11 5.038782586827E+14 3.874034176142E+17 8.209402371545E+15 3.468765593182E+02 3.246157694577E+02 5.993664891280E+01 1.243491214431E+05 3.701670438177E+00 6.926771683124E+14
6.794572880770E+02 3.342676366820E-02 8.281139396875E-03 8.230272476413E+22 7.357011209212E+21 2.907965187817E+20 1.507486964175E+18 1.163039432677E+16 1.029183144913E+22 1.362453986604E+17 2.930137587165E+12 2.072377518179E+15 1.630207306650E+18 6.743984147620E+16 4.909432366627E+02 3.516431763170E+02 4.522177046598E+01 1.013481687774E+05 3.400305792684E+00 9.561046552903E+15
6.613920464575E+02 2.656531156999E-02 6.922346746209E-03 8.297587086780E+22 7.641322428796E+21 3.270588665410E+20 1.693232816703E+18 1.278746204496E+16 1.069450868511E+22 1.613169414558E+17 5.187684586017E+12 2.304097731225E+15 1.815793150016E+18 7.976178757722E+16 4.713308952262E+02 3.514383883189E+02 4.726845328488E+01 1.049265008039E+05 3.451981304329E+00 1.048932530969E+16
3.385673380680E+02 3.908744716806E-02 1.791052530437E-02 4.905495011445E+22 4.236819544708E+21 1.356727957955E+20 5.888458327703E+17 3.332615980399E+15 3.466288861348E+21 2.479011184481E+16 2.390260669674E+11 8.659536772187E+14 6.364467779525E+17 2.556312707066E+16 4.310169554429E+02 3.314501652109E+02 4.394993290761E+01 9.809227022698E+04 3.368052864840E+00 2.466925587365E+15
4.080057801022E+02 2.390389052558E-02 1.857943206971E-02 6.574062087592E+22 4.270806447997E+21 1.218103989529E+20 5.009171340587E+17 2.253829273345E+15 2.468355923168E+21 1.001037018939E+16 3.805434226768E+10 8.029608217328E+14 8.748985652815E+17 4.359461350548E+16 4.070364187340E+02 3.290636041162E+02 4.236578189765E+01 9.480834939255E+04 3.319228935340E+00 1.450906452803E+15
7.729070618427E+02 1.588993487973E-02 1.705997827618E-02 1.265374886745E+23 4.835829924288E+21 1.408671776606E+20 5.072013377597E+17 2.186145035655E+15 2.674500468805E+21 5.230111439468E+15 4.970799595734E+09 9.580444505888E+14 2.235034350681E+18 1.388048696792E+17 4.171785422094E+02 3.304570950982E+02 3.878155913859E+01 8.832203220555E+04 3.214488476449E+00 1.228467533866E+15
8.921061964852E+02 7.373559367634E-03 7.218510461745E-03 1.522279077031E+23 6.742645639697E+21 2.292111989571E+20 1.186866138333E+18 4.679542300455E+15 4.514468236401E+21 2.042594714324E+16 1.334905734577E+11 1.927413870831E+15 4.064740509043E+18 3.051192242902E+17 3.946809738445E+02 3.345450471276E+02 4.651982132091E+01 1.021060712901E+05 3.404056156019E+00 2.754546987735E+15
1.137782996404E+03 7.232134202726E-03 1.099276828701E-02 1.997761035334E+23 5.309946430418E+21 1.718356288856E+20 6.508962867277E+17 2.761341536298E+15 2.855824487211E+21 4.909495011258E+15 3.926528125425E+09 1.434337952466E+15 5.285567128437E+18 4.265012957692E+17 3.959743375581E+02 3.312101890698E+02 3.947129452471E+01 8.951860297682E+04 3.225875999615E+00 1.328218984530E+15
2.911404208451E+02 1.777368723237E-02 7.202319590080E-03 4.434101502664E+22 4.334341154016E+21 1.578294456021E+20 1.177093325949E+18 7.197879420539E+15 5.154460960315E+21 1.101312951485E+17 1.162616452273E+13 1.564672007932E+15 1.019267030927E+18 4.319748048841E+16 3.906161398539E+02 3.339624059876E+02 5.677513392630E+01 1.205705262968E+05 3.668343965627E+00 5.645214800008E+15
5.379015123804E+02 1.352823064283E-02 1.800293780114E-02 9.421217928810E+22 4.168475973754E+21 1.109494795552E+20 4.106958475584E+17 1.690218357231E+15 1.854963675488E+21 4.273593378412E+15 6.391340192013E+09 7.853487054107E+14 1.414805685609E+18 8.824101325414E+16 3.882508773472E+02 3.276746485960E+02 4.065411658359E+01 9.159670630002E+04 3.265170030722E+00 9.048740861570E+14
9.057076526009E+02 2.849308865864E-02 1.121685183580E-02 1.192958026480E+23 7.079211197099E+21 2.303493785864E+20 1.178126691506E+18 6.553080096640E+15 7.186524070454E+21 3.955660073639E+16 1.647778890651E+11 1.711897178442E+15 2.267280857174E+18 1.088519260342E+17 4.903098900682E+02 3.448979167158E+02 4.096049601036E+01 9.285781677396E+04 3.279257045961E+00 4.841676504791E+15
6.384993015857E+02 4.959245495265E-02 1.784876179711E-02 8.062448943453E+22 5.408540146093E+21 1.453695377287E+20 7.391138133727E+17 4.476338095889E+15 5.472665440505E+21 2.875760254836E+16 1.042407927363E+11 1.080807118752E+15 1.129544939081E+18 4.462137570727E+16 5.045854416819E+02 3.391296256984E+02 3.991254515945E+01 9.106854926921E+04 3.255937598218E+00 3.395649929524E+15
4.487533482989E+02 3.705275338809E-02 1.967455031138E-02 6.510652953323E+22 4.613472336163E+21 1.356382740100E+20 5.562666927877E+17 2.898184359113E+15 3.400472347892E+21 1.564107649627E+16 6.078265813242E+10 8.491111593484E+14 8.441924129284E+17 3.643242282436E+16 4.436865656678E+02 3.318419680297E+02 4.108591739920E+01 9.279616406370E+04 3.289904270076E+00 2.049143867342E+15
3.257569845042E+02 1.402956695611E-02 1.839257116683E-02 5.846808969650E+22 3.286846611687E+21 8.050995710211E+19 3.807311905050E+17 1.452659645829E+15 1.485561879246E+21 5.969706210768E+15 3.770494047206E+10 6.517383130899E+14 7.936648415837E+17 4.210411014652E+16 3.726146923389E+02 3.264057884657E+02 4.702871830178E+01 1.027746555010E+05 3.422137243432E+00 8.011485996843E+14
1.731018367541E+02 2.540656396908E-02 1.812672218304E-02 2.916045434145E+22 2.487631774972E+21 6.773341498164E+19 4.450272577991E+17 2.004485832881E+15 1.698717108845E+21 1.770068026651E+16 5.643176476445E+11 6.410440813771E+14 4.126738759804E+17 1.445213605170E+16 3.752169322041E+02 3.266642508224E+02 5.255223125380E+01 1.126071543253E+05 3.560923501665E+00 1.363820460559E+15
4.112291952058E+02 4.852489624726E-02 1.507680789589E-02 5.317341054370E+22 4.958066768026E+21 1.710794912389E+20 7.714753733629E+17 5.415364131358E+15 5.463330820843E+21 5.253012547777E+16 7.049205763617E+11 1.103122268647E+15 7.513615181430E+17 2.789685213994E+16 4.671000766619E+02 3.370714067709E+02 4.375568059602E+01 9.832109675490E+04 3.366237240963E+00 4.312964518234E+15
1.480162014224E+02 1.833249283057E-02 1.018368817011E-02 2.477412882153E+22 2.301086712987E+21 6.420323262412E+19 7.166921301737E+17 3.683432467916E+15 2.326745740446E+21 5.712381693111E+16 8.127517751570E+12 9.552348067223E+14 5.520380492015E+17 1.636158602249E+16 3.638503744443E+02 3.277058187934E+02 6.190821533276E+01 1.284084607903E+05 3.769355754674E+00 2.736594844919E+15
3.824884657199E+02 1.122664101546E-02 1.959682722491E-02 7.061616450800E+22 3.183128479289E+21 7.520329611442E+19 3.110372282986E+17 1.180070574328E+15 1.258225107577E+21 3.498232627615E+15 1.214515497840E+10 6.000297811196E+14 9.652342654006E+17 5.736137729093E+16 3.687249388112E+02 3.259474203554E+02 4.548116152664E+01 1.000309975718E+05 3.380712813628E+00 5.806240221033E+14
3.299772834757E+02 2.675944744045E-02 1.005458247128E-02 4.766136386239E+22 4.669537832237E+21 1.765772451884E+20 9.541727231729E+17 6.070228963443E+15 5.148734972804E+21 7.486125214690E+16 3.478790534458E+12 1.311970460949E+15 8.564766953761E+17 3.644247008776E+16 4.145352374700E+02 3.346615975256E+02 5.071533415455E+01 1.103856241308E+05 3.532751181128E+00 4.761766845294E+15
1.035742924335E+03 3.503399285935E-02 5.421127368560E-03 1.041654923729E+23 9.467369873755E+21 3.676427354965E+20 2.604215706193E+18 2.630529965427E+16 1.946647532710E+22 4.310713461312E+17 1.616335219979E+13 3.464096606091E+15 2.407032072527E+18 9.279201893669E+16 5.620944714144E+02 3.858023213579E+02 4.592618084406E+01 1.036729027206E+05 3.419603005735E+00 2.285871988263E+16
5.124661082284E+02 3.477441897241E-02 1.715437585766E-02 7.303251799319E+22 5.100497928547E+21 1.552603146833E+20 6.595997749820E+17 3.511827166801E+15 4.047415527992E+21 1.992637025739E+16 8.460373474498E+10 9.928006133518E+14 1.031355337647E+18 4.578810860668E+16 4.508058787509E+02 3.337428112832E+02 4.126202728455E+01 9.318816366254E+04 3.293417265895E+00 2.519119688199E+15
4.542930252801E+01 5.071362567112E-03 6.528597326897E-03 8.872816380966E+21 4.960714433317E+20 6.523206090338E+18 3.355718408721E+17 1.807719693506E+15 6.018167892023E+20 6.133001220536E+16 5.083909021829E+13 6.568022012860E+14 4.673833764545E+17 2.630892452962E+15 3.299825312637E+02 3.241872307036E+02 1.114713039157E+02 1.967050685498E+05 4.678391823529E+00 1.201768914543E+15
1.203027078621E+03 4.998292641063E-02 1.155488220298E-02 1.276531786486E+23 7.396709371009E+21 1.573410291184E+20 1.456687996816E+18 1.015559668434E+16 1.107425752305E+22 8.146336186007E+16 3.401838117173E+11 2.009402358894E+15 2.038827051740E+18 8.981144246632E+16 5.956597688191E+02 3.635036847423E+02 3.975911927024E+01 9.128346420080E+04 3.244104727776E+00 8.147517623292E+15
7.562663781993E+02 3.416072042066E-02 1.151093715566E-02 9.679616546429E+22 6.788274863526E+21 2.232888812402E+20 1.137999139446E+18 7.032109890220E+15 7.447806182414E+21 5.246917980878E+16 3.430021414563E+11 1.618163023035E+15 1.712261436291E+18 7.542865761323E+16 4.923417466787E+02 3.447847233256E+02 4.188481278944E+01 9.474583889828E+04 3.307368385393E+00 5.411235562450E+15
6.913683931655E+02 6.683227149651E-03 1.970038781207E-02 1.324770860066E+23 3.110298342268E+21 7.478356940101E+19 2.203215320359E+17 1.023828062653E+15 1.069559716443E+21 1.132257502382E+15 4.922734679213E+08 6.370588132407E+14 2.436527749521E+18 1.830766649312E+17 3.662269450022E+02 3.257607949550E+02 3.890979798514E+01 8.839030263544E+04 3.210750024769E+00 3.867638060373E+14
7.645950690368E+01 4.027147598104E-02 1.799046016868E-02 1.230100463596E+22 1.260192193055E+21 3.915277438584E+19 4.101429073617E+17 2.434320764442E+15 1.499850136450E+21 4.484395090495E+16 8.789260941578E+12 5.410428764988E+14 2.199297742200E+17 4.391661603156E+15 3.667510720357E+02 3.260862587576E+02 6.259518134348E+01 1.299083572225E+05 3.796407842052E+00 1.902075068692E+15
8.212753617317E+02 3.996915922316E-02 1.105267077365E-02 9.817710189098E+22 7.048063269006E+21 2.200946308534E+20 1.264131977970E+18 8.622995195590E+15 8.943449561514E+21 7.351571904396E+16 5.493760324748E+11 1.765881628492E+15 1.734697621655E+18 7.207660550552E+16 5.200191369132E+02 3.504182942931E+02 4.177738617585E+01 9.482938396246E+04 3.304454563230E+00 6.857696373125E+15
1.302059133835E+03 1.240062110070E-02 1.078452577171E-02 2.020973418572E+23 6.429487263782E+21 2.271680246318E+20 9.481303772786E+17 4.117103385285E+15 4.646604404284E+21 1.057870322087E+16 1.105456698971E+10 1.730640518040E+15 5.093896374586E+18 3.497625866555E+17 4.419200313002E+02 3.377920421768E+02 3.895616406009E+01 8.874105437427E+04 3.214804663230E+00 2.386533896829E+15
6.742967755347E+02 3.564114368023E-02 5.814111826633E-03 7.156443662566E+22 7.801184971618E+21 3.733752335491E+20 2.028228324022E+18 2.208602310060E+16 1.584220720867E+22 4.256701087410E+17 3.022297771923E+13 2.748349183176E+15 1.638573279375E+18 5.933453143256E+16 5.109945638363E+02 3.670988833318E+02 4.834397439907E+01 1.081770865734E+05 3.492757330322E+00 1.936805543712E+16
1.155631969785E+03 1.574789410819E-02 5.548495538577E-03 1.541097058932E+23 9.825077754444E+21 4.151929017344E+20 2.335142189900E+18 1.331798525544E+16 1.162883485279E+22 1.078740002871E+17 1.324562483193E+12 3.206914137179E+15 4.144269254637E+18 2.317063699117E+17 4.756436298011E+02 3.578623261566E+02 4.514689241685E+01 1.005124428000E+05 3.383922454978E+00 1.011242058503E+16
8.477515928292E+02 4.642551447478E-02 1.644042488930E-02 1.037016134757E+23 5.913699682039E+21 1.461441072377E+20 8.638451865106E+17 5.079117335627E+15 6.358012420410E+21 2.970877116514E+16 7.622811373315E+10 1.264819123201E+15 1.576277403941E+18 6.584426527559E+16 5.287797290032E+02 3.434167130151E+02 3.906055426962E+01 8.949681069384E+04 3.228632240084E+00 3.812782960366E+15
1.253619737775E+03 4.249687512268E-02 7.971868511777E-03 1.285028534467E+23 8.758526753778E+21 2.293863997775E+20 2.071953318450E+18 1.664193962176E+16 1.524776445361E+22 1.791448933024E+17 1.767533464259E+12 2.777052173655E+15 2.420888237463E+18 1.038657182712E+17 5.944744824054E+02 3.778205039886E+02 4.194396370192E+01 9.571665526681E+04 3.304572940232E+00 1.388002575643E+16
4.547516623128E+02 3.362533217000E-02 1.847542654791E-02 6.693674214815E+22 4.718161919878E+21 1.412424782396E+20 5.826024066055E+17 2.983814513177E+15 3.422009484634E+21 1.604914721537E+16 6.655374184012E+10 8.896691571359E+14 8.967190594679E+17 4.011274026002E+16 4.378892952059E+02 3.318212539262E+02 4.146069700077E+01 9.344344628352E+04 3.299149573857E+00 2.094219927061E+15
4.692485552476E+02 1.051988738011E-02 1.299496211350E-02 8.351731843490E+22 4.316590169152E+21 1.155484424428E+20 5.624618979953E+17 2.155044067483E+15 2.180018861342E+21 8.920314790701E+15 5.706698099198E+10 9.529637849246E+14 1.444665747528E+18 8.931252631957E+16 3.770949271661E+02 3.280918229658E+02 4.703551589078E+01 1.028462794077E+05 3.419654235485E+00 1.202982129443E+15
4.264805661802E+02 3.135794648842E-02 1.591409888172E-02 6.286521506663E+22 4.848884119035E+21 1.542048211424E+20 6.680424709695E+17 3.542102543155E+15 3.766218283382E+21 2.273999763431E+16 1.581661570999E+11 9.931983572294E+14 8.910322019859E+17 4.006731956368E+16 4.312117576587E+02 3.324086221157E+02 4.314958603767E+01 9.655547907730E+04 3.343832001487E+00 2.549463894041E+15
1.386672793485E+02 2.503966902133E-02 5.954781314205E-03 1.877759600420E+22 2.169974010364E+21 1.049944145009E+20 1.094519322910E+18 1.079978116375E+16 5.403415229662E+21 3.953542933170E+17 3.196041268000E+14 1.372624096209E+15 4.959472518351E+17 1.413994431261E+16 3.797292013521E+02 3.337598628278E+02 7.021653332340E+01 1.440549623979E+05 4.016076823858E+00 9.746951368187E+15
4.623516950580E+02 1.850441461638E-02 4.511504189307E-03 5.987411813642E+22 6.514955207018E+21 3.198739079522E+20 2.037071141756E+18 1.756007096767E+16 1.154138618307E+22 3.657892067030E+17 6.246189201502E+13 2.666240815230E+15 1.695764302735E+18 7.211437255324E+16 4.280157847121E+02 3.494461721058E+02 5.620861306120E+01 1.208636182053E+05 3.675593344091E+00 1.495822163687E+16
3.276359049382E+02 1.206576324429E-02 4.734820967539E-03 5.021947297412E+22 4.850130513004E+21 1.765979071452E+20 1.674250619726E+18 1.049324035833E+16 6.572946323828E+21 1.934126114985E+17 3.591212750468E+13 2.167701892188E+15 1.532154901269E+18 6.555415893285E+16 3.839288474036E+02 3.366844038757E+02 6.119788055907E+01 1.279367160830E+05 3.765775169620E+00 8.361673170865E+15
1.319724102600E+03 4.120418128241E-02 4.602226470912E-03 1.132063363191E+23 1.028083085874E+22 3.268504022939E+20 3.373445501402E+18 4.147393682548E+16 2.715252312228E+22 8.327234359065E+17 4.045547675641E+13 4.421514586832E+15 2.434136225971E+18 9.354898366726E+16 6.331991498942E+02 4.219344979200E+02 4.575967449193E+01 1.042750590981E+05 3.416413028506E+00 3.709791283404E+16
1.175254582816E+02 2.053913088442E-02 1.865436594029E-02 2.110378955580E+22 1.686539004047E+21 3.747763504634E+19 3.773799447742E+17 1.517833398028E+15 1.052039955326E+21 1.425491099744E+16 7.002782398229E+11 5.461466638173E+14 3.555403304743E+17 8.966800534879E+15 3.564660473557E+02 3.252417320924E+02 5.746030286970E+01 1.205602924717E+05 3.659752903241E+00 9.723893533829E+14
7.822487875650E+02 2.285118324851E-02 1.213913258837E-02 1.128707290116E+23 6.447750021865E+21 2.133982478493E+20 9.595571542152E+17 4.771953059958E+15 5.298589310564E+21 2.374269680270E+16 8.251474597248E+10 1.456047642358E+15 2.073609564529E+18 1.096102331227E+17 4.538754481575E+02 3.380367967419E+02 4.117489338059E+01 9.297376586444E+04 3.284716680623E+00 3.316004578839E+15
1.293602157792E+03 4.636798743745E-02 5.699816045908E-03 1.145477414809E+23 9.644116701433E+21 2.662304949323E+20 2.845848406184E+18 3.178975783990E+16 2.318899090380E+22 5.435800860674E+17 1.599148601397E+13 3.743901749582E+15 2.217525595808E+18 8.850150284289E+16 6.346036561246E+02 4.084328310612E+02 4.424412697883E+01 1.011021581892E+05 3.372021093868E+00 2.806447853142E+16
1.127113191885E+03 8.497096784786E-03 9.048977043605E-03 1.889857492143E+23 6.488090299799E+21 2.270209642249E+20 9.738491763678E+17 4.025223948972E+15 4.073879515195E+21 1.080737539420E+16 1.795971157211E+10 1.797986131133E+15 4.923339395340E+18 3.794838014374E+17 4.086367590429E+02 3.346773814986E+02 4.113802595734E+01 9.259796941993E+04 3.270921692711E+00 2.227234776977E+15
1.182723775472E+03 4.677379367846E-02 1.348777320754E-02 1.327854832183E+23 6.828378647158E+21 1.465823204878E+20 1.204293372354E+18 7.440045392832E+15 8.852883390844E+21 4.713067348300E+16 1.191388337479E+11 1.717311875141E+15 2.133237392716E+18 9.521562628966E+16 5.764169527093E+02 3.550750076828E+02 3.884603230452E+01 8.932019248870E+04 3.216856035454E+00 5.718876110104E+15
9.901004310040E+02 1.744427681473E-02 9.492051222164E-03 1.439303013014E+23 7.392743174729E+21 2.648504334769E+20 1.247795849058E+18 6.000288842317E+15 6.318299442511E+21 2.871216593291E+16 1.005904206589E+11 1.896256740647E+15 3.140851702345E+18 1.838709883563E+17 4.541430972227E+02 3.416416799454E+02 4.153259039102E+01 9.360022313975E+04 3.290517589957E+00 4.105665225672E+15
7.172294245033E+02 2.004693758275E-02 7.477444648904E-03 9.933859308629E+22 7.629637780309E+21 3.016649981662E+20 1.541661137566E+18 9.112000508665E+15 8.271056609467E+21 8.131327148603E+16 1.347461949181E+12 2.138998116033E+15 2.172587041432E+18 1.115393540450E+17 4.496175023981E+02 3.449223655936E+02 4.612497860149E+01 1.022335488367E+05 3.414708539305E+00 6.974450520569E+15
8.961629586376E+02 1.869875742962E-02 1.877143965533E-02 1.405980885944E+23 4.741382995431E+21 1.360039447471E+20 4.896834618481E+17 2.165875052794E+15 2.891752050443E+21 4.769930455030E+15 3.111094918596E+09 9.416133354937E+14 2.592533518445E+18 1.520801967113E+17 4.374804833554E+02 3.316193163795E+02 3.750523785199E+01 8.603793855911E+04 3.178797812129E+00 1.225330970422E+15
2.602465335012E+02 4.259731023504E-02 1.737235525664E-02 3.747638622030E+22 3.665705691845E+21 1.249547809099E+20 5.778608124028E+17 3.540885196428E+15 3.389829542964E+21 3.445473911777E+16 7.225183292008E+11 8.286591327528E+14 4.916302581240E+17 1.808265777358E+16 4.220963186213E+02 3.308652549387E+02 4.679504007578E+01 1.033160444169E+05 3.442497922084E+00 2.712990883223E+15
1.091925201205E+02 3.391101480179E-02 1.144420721528E-02 1.638411197459E+22 1.796814575776E+21 6.758492327631E+19 6.444446720837E+17 4.706879084393E+15 2.800028017903E+21 1.079267014148E+17 3.203419464511E+13 8.359662876865E+14 3.268834321031E+17 8.457957793808E+15 3.757603646994E+02 3.286585913225E+02 6.343304508714E+01 1.319989556549E+05 3.830965541752E+00 3.900517919132E+15
9.303008156202E+02 4.931803444923E-02 1.776280270428E-02 1.115806699115E+23 5.752657226192E+21 1.270453141496E+20 8.263909073349E+17 4.755765768477E+15 6.251380185173E+21 2.548246977662E+16 4.706533582307E+10 1.224232368748E+15 1.643664352169E+18 6.951023725699E+16 5.446573614754E+02 3.439968058220E+02 3.821158955797E+01 8.790216816149E+04 3.203721131144E+00 3.532555747884E+15
7.215004829881E+02 3.985417153847E-02 7.577230677936E-03 7.949957262805E+22 7.604390847024E+21 3.031668046511E+20 1.704846705975E+18 1.578361412860E+16 1.303652547733E+22 2.286504977774E+17 6.911554140180E+12 2.324523783456E+15 1.601292697254E+18 6.036464529975E+16 5.202801229052E+02 3.608742901799E+02 4.547890169591E+01 1.024386964176E+05 3.410546019436E+00 1.346614855198E+16
8.325213062088E+02 4.648921190346E-02 9.609249549740E-03 9.118641867190E+22 7.375225432468E+21 2.317144008641E+20 1.494193942922E+18 1.233701607355E+16 1.161969741588E+22 1.399580167080E+17 1.834942472491E+12 2.043680765093E+15 1.629693289773E+18 6.303326877959E+16 5.461234929509E+02 3.593994220075E+02 4.277831002516E+01 9.722062494220E+04 3.333139320968E+00 1.029569900129E+16
1.167269578515E+03 1.074420994433E-02 1.564359482601E-02 1.955405914696E+23 4.539543559726E+21 1.404648475843E+20 4.752216453193E+17 2.125600993966E+15 2.606265017826E+21 3.131600216484E+15 1.268130298852E+09 1.101491858873E+15 4.808011814171E+18 3.427601473060E+17 4.168241722978E+02 3.310176598555E+02 3.710285925419E+01 8.523655295772E+04 3.163210462920E+00 1.024118119420E+15
6.812515000366E+02 3.687057189865E-02 1.664205779476E-02 9.200679086422E+22 5.600682374507E+21 1.614657257607E+20 7.459281948049E+17 4.034485448238E+15 4.930045527248E+21 2.142325312425E+16 6.225331269539E+10 1.121218479044E+15 1.401089711624E+18 6.181881528725E+16 4.804552959189E+02 3.373014874253E+02 3.991500501199E+01 9.082842231681E+04 3.254247814270E+00 2.911848833165E+15
1.147828195111E+03 4.844218777842E-02 1.971895550120E-02 1.360071705301E+23 5.473760980495E+21 1.039774991549E+20 7.644331205484E+17 4.095373675951E+15 5.836246395894E+21 1.713059669882E+16 1.584777019036E+10 1.187889227593E+15 2.005231977578E+18 9.042646863067E+16 5.639330592817E+02 3.443289846279E+02 3.676059647130E+01 8.512655801362E+04 3.158090447908E+00 2.907514253029E+15
